10 0.9875923076923077 0.1304224537037037 0.024415384615384613 0.06408564814814814
10 0.97625 0.08903935185185186 0.03403846153846154 0.08085648148148149
10 0.9588461538461538 0.016203703703703703 0.02076923076923077 0.032407407407407406
10 0.8716730769230769 0.08329861111111111 0.02796153846153846 0.07400462962962963
10 0.874423076923077 0.06825231481481481 0.027307692307692307 0.07400462962962963
10 0.8290961538461539 0.06023726851851852 0.01973076923076923 0.06260416666666667
10 0.814673076923077 0.03457175925925926 0.023192307692307693 0.06682870370370371
10 0.8051384615384616 0.02693287037037037 0.019507692307692306 0.05386574074074074
10 0.7304384615384616 0.027939814814814817 0.016261538461538463 0.046620370370370375
10 0.6389961538461539 0.13996527777777779 0.017992307692307693 0.08085648148148149
10 0.5911884615384615 0.09532986111111112 0.0193 0.07954861111111111
10 0.5703192307692307 0.08421296296296295 0.017561538461538462 0.0850925925925926
10 0.5298615384615385 0.05695601851851852 0.019723076923076923 0.08150462962962964
10 0.47315384615384615 0.07950231481481482 0.020153846153846154 0.07335648148148148
10 0.5893038461538461 0.18474537037037037 0.021684615384615386 0.08476851851851851
10 0.5662576923076923 0.18759837962962964 0.01713076923076923 0.07890046296296296
10 0.45788076923076926 0.1983449074074074 0.020376923076923077 0.07956018518518518
10 0.34326538461538464 0.06131944444444445 0.020376923076923077 0.07171296296296296
10 0.3332 0.05574652777777778 0.014092307692307692 0.06519675925925926
10 0.1858576923076923 0.09934027777777778 0.0271 0.07368055555555555
10 0.14398846153846154 0.06958912037037036 0.026438461538461536 0.0720486111111111
10 0.11716923076923076 0.20911458333333335 0.028184615384615384 0.07563657407407406
10 0.08880384615384615 0.19207754629629628 0.029915384615384615 0.07628472222222221
10 0.06813846153846154 0.1959085648148148 0.03012307692307692 0.07237268518518519
10 0.05506923076923077 0.26958333333333334 0.043984615384615386 0.08314814814814815
10 0.2504730769230769 0.4223553240740741 0.0271 0.08313657407407407
10 0.22794615384615383 0.42188657407407404 0.02666153846153846 0.07988425925925925
10 0.3699423076923077 0.3042708333333333 0.0245 0.08770833333333333
10 0.48733076923076923 0.3059664351851852 0.020815384615384614 0.08184027777777778
10 0.5152384615384615 0.3038310185185185 0.02124615384615385 0.07988425925925925
10 0.4874230769230769 0.3946122685185185 0.02253846153846154 0.07857638888888889
10 0.511323076923077 0.40338541666666666 0.030338461538461536 0.07760416666666667
10 0.54165 0.440931712962963 0.018684615384615383 0.0786226851851852
10 0.5955538461538462 0.41271990740740744 0.017261538461538464 0.08932870370370372
10 0.6159269230769231 0.40466435185185184 0.027238461538461534 0.10099537037037037
10 0.6489153846153847 0.40995949074074073 0.020907692307692308 0.09075231481481481
10 0.6597307692307692 0.41238425925925926 0.02407692307692308 0.08171296296296296
10 0.9776423076923076 0.4902546296296296 0.0399 0.0800462962962963
10 0.6759961538461539 0.6065277777777778 0.021223076923076924 0.07648148148148148
10 0.6541615384615385 0.5614988425925925 0.02216923076923077 0.07670138888888889
10 0.5748269230769231 0.6571412037037037 0.03119230769230769 0.08743055555555557
10 0.4595 0.6702662037037037 0.02976923076923077 0.0743287037037037
10 0.3892653846153846 0.7557233796296297 0.029300000000000003 0.08552083333333334
10 0.32656538461538465 0.761244212962963 0.03466923076923077 0.08267361111111111
10 0.28125 0.7331886574074075 0.03942307692307692 0.09600694444444445
10 0.1802 0.7653761574074074 0.03578461538461539 0.08862268518518518
10 0.09698461538461538 0.5967071759259258 0.047815384615384614 0.10313657407407407
10 0.06826153846153846 0.6169733796296297 0.04575384615384615 0.07885416666666666
10 0.2016576923076923 0.9610011574074073 0.054084615384615384 0.07478009259259259
10 0.10564615384615385 0.9680787037037036 0.046676923076923074 0.06347222222222222