12 0.12398125 0.5023583333333334 0.2479625 0.23471666666666668
12 0.25345625 0.45139166666666664 0.1394125 0.18611666666666668
12 0.3512625 0.4501416666666666 0.092525 0.24028333333333332
12 0.42500625 0.45458333333333334 0.0800125 0.24583333333333332
12 0.4903125 0.4561083333333334 0.070625 0.23888333333333336
12 0.5642625 0.44889166666666663 0.093525 0.26111666666666666
12 0.62675625 0.46041666666666664 0.0935125 0.2708333333333333
12 0.68820625 0.46139166666666664 0.1414125 0.2527833333333333
12 0.73590625 0.4658333333333333 0.15181250000000002 0.25833333333333336
12 0.7634062500000001 0.4918083333333333 0.16431249999999997 0.22361666666666666
12 0.8541187499999999 0.4993083333333333 0.2632375 0.19861666666666666
12 0.8530187499999999 0.5716666666666667 0.2935375 0.2