14 0.3998958333333333 0.7173148148148148 0.2065833333333333 0.20503703703703705
14 0.7521875 0.5882777777777778 0.02728125 0.028342592592592593
14 0.21828645833333335 0.62675 0.041453125 0.053592592592592594
14 0.17100520833333333 0.6284166666666667 0.03291145833333333 0.04413888888888889
14 0.8328020833333334 0.7317037037037037 0.10204166666666666 0.11420370370370371
14 0.7560625000000001 0.6907685185185185 0.06857812499999999 0.08708333333333333
14 0.14455208333333333 0.6465092592592593 0.07025520833333333 0.059277777777777776
10 0.9549479166666667 0.7606851851851851 0.016223958333333333 0.0869074074074074
10 0.90159375 0.7240648148148148 0.018786458333333332 0.0742037037037037
14 0.6418020833333333 0.5351481481481482 0.009609375 0.007268518518518518
14 0.5570468749999999 0.5481388888888888 0.01040625 0.013518518518518518
14 0.58540625 0.6359259259259259 0.029760416666666668 0.03810185185185185
14 0.4713177083333333 0.6383425925925925 0.06271354166666666 0.08441666666666667
14 0.3163489583333333 0.6699444444444445 0.030901041666666667 0.06507407407407408
14 0.25826041666666666 0.6335 0.031578125 0.04050925925925926
14 0.12916145833333334 0.6122685185185185 0.029083333333333336 0.01775925925925926