14 0.20449479166666668 0.5205925925925926 0.05136458333333334 0.06681481481481481
14 0.19626041666666666 0.4209537037037037 0.02285416666666667 0.009703703703703704
14 0.24633333333333332 0.4184722222222222 0.035562500000000004 0.01786111111111111
14 0.252859375 0.4285185185185185 0.015369791666666667 0.017333333333333333
14 0.26047916666666665 0.4299722222222222 0.013432291666666667 0.023675925925925927
14 0.4086979166666667 0.41535185185185186 0.021963541666666666 0.026685185185185187
14 0.5244166666666666 0.4145462962962963 0.020874999999999998 0.017333333333333333
10 0.6814947916666667 0.4281481481481481 0.004187499999999999 0.015296296296296296
14 0.6585468750000001 0.4074537037037037 0.011739583333333333 0.01862037037037037
10 0.7033177083333333 0.4512037037037037 0.007322916666666667 0.025935185185185186
14 0.8458854166666666 0.3848240740740741 0.012531249999999999 0.009037037037037036