14 0.015520833333333334 0.551800925925926 0.025833333333333333 0.03323148148148148
14 0.03490885416666667 0.5493194444444445 0.021901041666666666 0.024564814814814817
14 0.07165104166666666 0.5857638888888889 0.04330208333333333 0.047453703703703706
14 0.10389322916666667 0.6095185185185185 0.04111979166666667 0.05237037037037037
14 0.141375 0.5584768518518518 0.019208333333333334 0.03362037037037037
14 0.16952083333333334 0.5608287037037037 0.030708333333333334 0.042027777777777775
14 0.2585807291666667 0.5401203703703704 0.014036458333333333 0.01912962962962963
14 0.28046875 0.5334768518518518 0.0296875 0.03362037037037037
14 0.2992265625 0.5245324074074074 0.011994791666666667 0.017583333333333333
10 0.40865364583333336 0.5341064814814815 0.0037656250000000003 0.012657407407407407
10 0.29706510416666665 0.5215694444444444 0.002463541666666667 0.009805555555555555
14 0.4677604166666667 0.5332592592592592 0.02822916666666667 0.03503703703703704
14 0.508140625 0.5281388888888888 0.023572916666666666 0.03775925925925926
14 0.5260208333333334 0.5325462962962962 0.028083333333333335 0.033611111111111105
14 0.5681458333333332 0.5463657407407407 0.04045833333333334 0.027916666666666666
10 0.5646171875 0.5203888888888889 0.0031927083333333334 0.01485185185185185
10 0.5880781249999999 0.5216851851851851 0.00428125 0.017444444444444443
14 0.8698671875 0.543324074074074 0.06994270833333333 0.05146296296296296
14 0.9329635416666666 0.49248148148148146 0.012802083333333332 0.009037037037037036
14 0.9403984375000001 0.49168518518518517 0.009963541666666666 0.009296296296296296
14 0.9485885416666666 0.49129629629629634 0.012802083333333332 0.008518518518518517
14 0.9689479166666667 0.4915555555555556 0.014979166666666667 0.009037037037037036
14 0.9930104166666667 0.490287037037037 0.0120625 0.010203703703703703
10 0.9812604166666666 0.5327546296296296 0.005229166666666666 0.021064814814814814