14 0.4160625 0.8549166666666667 0.26321354166666666 0.24397222222222223
14 0.13890624999999998 0.6304351851851852 0.0384375 0.04072222222222222
14 0.23050520833333332 0.6298611111111111 0.043125 0.051759259259259255
14 0.18057291666666667 0.6316296296296297 0.032703125 0.043583333333333335
14 0.257453125 0.6606111111111111 0.05648958333333333 0.0602037037037037
14 0.6855885416666666 0.9072314814814815 0.24764583333333334 0.1855277777777778
14 0.3501927083333333 0.658037037037037 0.066484375 0.06144444444444445
10 0.232984375 0.8698425925925926 0.023921875 0.13817592592592592
14 0.4075833333333333 0.7120740740740741 0.20078645833333333 0.1860740740740741
14 0.6033281250000001 0.6452222222222223 0.03330208333333333 0.03874074074074074
14 0.26984375 0.6354629629629629 0.027208333333333334 0.036648148148148145
10 0.10553125000000001 0.8944074074074074 0.025145833333333333 0.14924074074074076
10 0.063421875 0.879462962962963 0.03326041666666667 0.1337685185185185
10 0.029421875 0.9279259259259259 0.037083333333333336 0.10852777777777778