14 0.14090625 0.6308518518518519 0.037218749999999995 0.043759259259259255
14 0.18095833333333333 0.6296759259259259 0.029630208333333335 0.035444444444444445
14 0.223921875 0.6575925925925926 0.12184375 0.06476851851851852
14 0.23018229166666665 0.6200185185185185 0.03968229166666667 0.026194444444444444
14 0.26865104166666665 0.6258981481481481 0.022932291666666667 0.013027777777777779
14 0.5989114583333334 0.6476203703703703 0.032713541666666665 0.03749074074074074
14 0.555828125 0.5551296296296296 0.008479166666666668 0.011314814814814816
14 0.44423437499999996 0.5368703703703704 0.009369791666666665 0.0070185185185185186
14 0.532453125 0.5323703703703704 0.004984375 0.006305555555555556
14 0.2869322916666667 0.529925925925926 0.00975 0.007231481481481481
14 0.29428645833333333 0.5303333333333333 0.005635416666666667 0.007120370370370371
10 0.00915625 0.804962962962963 0.0183125 0.11436111111111112
14 0.6469479166666667 0.5453888888888889 0.008265625 0.006981481481481482
14 0.6415208333333333 0.5451018518518519 0.003921875 0.0060185185185185185