10 0.13059635416666668 0.6210601851851852 0.010151041666666666 0.016194444444444442
10 0.1469322916666667 0.6299907407407407 0.011572916666666665 0.04701851851851852
10 0.14108072916666667 0.6186759259259259 0.009244791666666667 0.039203703703703706
14 0.24725000000000003 0.7154861111111112 0.135125 0.15134259259259258
14 0.595546875 0.6233981481481481 0.018177083333333333 0.028277777777777777
14 0.5568307291666666 0.6819861111111111 0.038661458333333336 0.06026851851851852
14 0.81534375 0.6733009259259259 0.0494375 0.03178703703703704
14 0.8737994791666667 0.7654768518518519 0.101765625 0.07169444444444445
10 0.6214713541666667 0.788125 0.01690104166666667 0.0799537037037037
10 0.536640625 0.7770972222222222 0.022239583333333333 0.08382407407407408
14 0.6827500000000001 0.7852361111111111 0.124875 0.15936111111111112