14 0.5792239583333333 0.8617037037037036 0.28251041666666665 0.23915740740740743
14 0.25578125 0.66275 0.05950520833333333 0.06139814814814815
14 0.18974479166666666 0.6508333333333333 0.11759375 0.06440740740740741
14 0.5722135416666667 0.6799166666666666 0.06628125 0.1088611111111111
10 0.43127604166666667 0.8803981481481482 0.021348958333333334 0.13794444444444443
14 0.4723489583333333 0.7290277777777778 0.12471354166666666 0.11128703703703703
14 0.224796875 0.6237407407407407 0.03919791666666667 0.03426851851851852
14 0.2615625 0.6334814814814814 0.02946875 0.04356481481481481
14 0.25023958333333335 0.531462962962963 0.010338541666666668 0.007749999999999999
14 0.5496822916666667 0.5421111111111111 0.011942708333333333 0.010351851851851852
14 0.6018177083333334 0.6462037037037037 0.028885416666666667 0.04044444444444444
10 0.4163645833333333 0.8907222222222222 0.03109375 0.1368425925925926
10 0.48917187500000003 0.9127222222222222 0.03297395833333334 0.14905555555555555
10 0.5266510416666667 0.9205185185185185 0.03296875 0.1493611111111111