14 0.5034322916666667 0.42625 0.028739583333333332 0.03768518518518519
14 0.5632421875 0.4177638888888889 0.028567708333333334 0.035527777777777776
14 0.6901796875 0.43434259259259256 0.036609375000000006 0.040907407407407406
14 0.8493776041666667 0.421462962962963 0.042505208333333336 0.041074074074074075
14 0.8687369791666666 0.4327962962962963 0.04059895833333334 0.045222222222222226
14 0.9422109375000001 0.42948148148148146 0.04588020833333333 0.044148148148148145
14 0.9769791666666666 0.4287083333333333 0.04041666666666666 0.04630555555555555
14 0.99375 0.46452314814814816 0.0125 0.03830555555555555
10 0.6559661458333333 0.43018981481481483 0.008807291666666666 0.0344537037037037
10 0.5659583333333333 0.4221712962962963 0.005875 0.03137962962962963
10 0.5729895833333334 0.42016666666666663 0.006395833333333333 0.029222222222222222