14 0.5834791666666667 0.8596944444444444 0.273125 0.24028703703703702
14 0.255890625 0.6622777777777777 0.058578125 0.06172222222222222
14 0.18931250000000002 0.6469814814814815 0.11613541666666666 0.0716574074074074
14 0.571796875 0.6796203703703704 0.06659375 0.10787037037037037
10 0.29336979166666666 0.7340092592592593 0.019546875000000002 0.08636111111111111
10 0.4347083333333333 0.892712962962963 0.02305208333333333 0.13924074074074075
14 0.22482291666666668 0.6231759259259259 0.040125 0.0342037037037037
14 0.46497916666666667 0.7281851851851853 0.13947395833333334 0.11208333333333333
10 0.5327031249999999 0.9180092592592592 0.03229166666666667 0.15713888888888888
14 0.60059375 0.6453240740740741 0.031036458333333336 0.03727777777777778
14 0.2619166666666667 0.6324074074074074 0.030375 0.042444444444444444
14 0.49943229166666664 0.5399444444444444 0.012651041666666666 0.011342592592592593
14 0.5244427083333333 0.5439074074074074 0.009453125 0.016009259259259258
14 0.6222135416666668 0.543712962962963 0.0060260416666666665 0.007898148148148147
14 0.6505989583333334 0.545537037037037 0.01025 0.0074907407407407405