14 0.8441692708333334 0.5500231481481481 0.09042187500000001 0.09634259259259259
14 0.7989166666666667 0.5447638888888889 0.043666666666666666 0.07100925925925926
14 0.5843359375 0.5347361111111111 0.043671875 0.06576851851851852
14 0.267046875 0.48293518518518525 0.06534374999999999 0.03624074074074074
14 0.20423958333333334 0.4554166666666667 0.050145833333333334 0.04231481481481482
10 0.0036458333333333334 0.5013888888888889 0.007291666666666667 0.026851851851851852
10 0.5002838541666667 0.5164722222222222 0.009942708333333333 0.044055555555555556
10 0.6224088541666667 0.5059074074074074 0.013567708333333334 0.022925925925925926
10 0.6009583333333333 0.5033981481481481 0.01025 0.023462962962962963
10 0.7720911458333333 0.5577731481481482 0.010848958333333332 0.04887962962962963
10 0.8381145833333333 0.5610648148148148 0.011645833333333333 0.046203703703703705
10 0.85790625 0.5278564814814816 0.011645833333333333 0.027935185185185188