14 0.024932291666666665 0.5671574074074074 0.027807291666666668 0.047157407407407405
14 0.052000000000000005 0.5766481481481481 0.04803125 0.03186111111111111
14 0.08065625000000001 0.5632592592592593 0.024109375 0.042111111111111106
14 0.19438020833333333 0.5658611111111111 0.04278645833333334 0.033851851851851855
14 0.25134375 0.5625648148148149 0.040203125 0.03613888888888889
14 0.310546875 0.5634814814814815 0.031083333333333334 0.027574074074074074
14 0.5940520833333333 0.557138888888889 0.02032291666666667 0.027722222222222224
14 0.622578125 0.5543796296296296 0.027807291666666668 0.028333333333333335
14 0.8675260416666667 0.571212962962963 0.022046875 0.03690740740740741
14 0.9345625 0.5706018518518519 0.04872395833333333 0.03476851851851852
14 0.9767760416666668 0.5664722222222222 0.02919270833333333 0.03537962962962963
14 0.720796875 0.639037037037037 0.09816145833333333 0.08522222222222223
14 0.37007291666666664 0.6882037037037037 0.10693229166666667 0.1413333333333333
14 0.22884374999999998 0.6152777777777778 0.030057291666666666 0.051083333333333335
14 0.095625 0.6238981481481481 0.024661458333333334 0.05661111111111111
14 0.013041666666666667 0.6813981481481481 0.026078125 0.09176851851851851