14 0.05722395833333334 0.47643518518518513 0.030072916666666668 0.0287962962962963
14 0.2585572916666667 0.47600000000000003 0.02753125 0.03533333333333333
14 0.554734375 0.5268518518518519 0.05426041666666667 0.06296296296296296
14 0.6737994791666666 0.5548703703703703 0.08197395833333333 0.0801111111111111
14 0.8299322916666667 0.5454537037037037 0.06090625 0.1223888888888889
14 0.9108515625 0.5096898148148148 0.043578125 0.06197222222222223
8 0.5440911458333333 0.5416620370370371 0.005890625 0.0073981481481481485
10 0.180953125 0.48024537037037035 0.00565625 0.027157407407407404
10 0.7783489583333334 0.2913564814814815 0.013989583333333333 0.03456481481481481
10 0.8428749999999999 0.4611851851851852 0.017 0.057555555555555554
10 0.8777890625 0.5562314814814815 0.015994791666666668 0.07727777777777778