14 0.23377604166666668 0.6337222222222222 0.03407291666666667 0.052444444444444446
14 0.17954166666666668 0.6339907407407408 0.03442708333333333 0.045398148148148146
14 0.13869791666666667 0.6349722222222222 0.037807291666666666 0.04190740740740741
14 0.40753125 0.7261296296296297 0.20647916666666666 0.20666666666666667
14 0.75571875 0.6930740740740741 0.045390625000000004 0.07627777777777778
14 0.09532291666666667 0.6316574074074075 0.036911458333333334 0.04619444444444445
10 0.7361354166666667 0.7462592592592593 0.022296875 0.07562037037037037
14 0.35369791666666667 0.6856574074074074 0.04517708333333333 0.06598148148148149
14 0.4125416666666667 0.6489537037037038 0.10590104166666667 0.08472222222222223
14 0.5904375000000001 0.6485648148148149 0.03127083333333333 0.038407407407407404
14 0.4184322916666667 0.5385648148148148 0.012911458333333332 0.008037037037037037
14 0.507421875 0.5434074074074075 0.00825 0.008305555555555556
14 0.9654843750000001 0.915212962962963 0.06903125 0.15571296296296294