14 0.9705963541666667 0.5605370370370371 0.054734375 0.07107407407407408
14 0.8778958333333333 0.5267777777777778 0.076625 0.08133333333333334
14 0.7047890625 0.4988657407407407 0.08457812499999999 0.0625462962962963
10 0.8127161458333333 0.5379305555555556 0.012932291666666667 0.04067592592592593
14 0.5376171875 0.4897037037037037 0.08044270833333332 0.06274074074074075
10 0.35529687499999996 0.5249861111111112 0.009552083333333333 0.04997222222222222
10 0.20262760416666667 0.4877361111111111 0.0062968749999999995 0.04028703703703704
10 0.21488541666666666 0.4910787037037037 0.0047708333333333335 0.032157407407407405
14 0.20057291666666668 0.48377314814814815 0.043854166666666666 0.04532407407407408
10 0.131109375 0.5200601851851852 0.013260416666666667 0.03641666666666667
10 0.11187760416666667 0.5229259259259259 0.010213541666666666 0.0402962962962963
10 0.09994010416666667 0.5213611111111112 0.014463541666666666 0.02790740740740741
10 0.09655729166666666 0.507712962962963 0.00978125 0.013574074074074073
14 0.06921354166666666 0.4665648148148148 0.025927083333333333 0.04238888888888889