14 0.4154375 0.8425185185185184 0.26733854166666665 0.26560185185185187
14 0.137859375 0.6300370370370371 0.038765625000000005 0.04025
14 0.2564270833333333 0.659962962962963 0.056484375 0.05957407407407408
14 0.22941145833333335 0.6283148148148149 0.04292708333333333 0.05249074074074074
14 0.34924999999999995 0.6568981481481482 0.06690104166666666 0.061101851851851845
10 0.6434739583333333 0.7662592592592592 0.02440625 0.09225
14 0.6023645833333333 0.6442222222222223 0.034046875000000004 0.038120370370370374
14 0.6811614583333333 0.9056203703703705 0.2695625 0.18875925925925927
14 0.40640104166666663 0.7118611111111111 0.20136979166666666 0.1869537037037037
14 0.17915625000000002 0.6304907407407407 0.033375 0.04440740740740741
10 0.232015625 0.8610277777777777 0.025958333333333337 0.11695370370370371
14 0.2691875 0.6337777777777778 0.026880208333333332 0.034666666666666665
10 0.29665625 0.9158703703703703 0.028208333333333332 0.15255555555555556
10 0.18074479166666665 0.9226203703703704 0.03349479166666667 0.1455
10 0.03205729166666667 0.9293796296296296 0.033666666666666664 0.06155555555555556