14 0.9519635416666666 0.35765277777777776 0.017468749999999998 0.013453703703703704
14 0.98984375 0.38055555555555554 0.0203125 0.016666666666666666
14 0.98853125 0.3746481481481482 0.022895833333333334 0.01411111111111111
14 0.9841979166666667 0.38616203703703705 0.029854166666666668 0.007509259259259259
14 0.9627760416666666 0.3547638888888889 0.012010416666666666 0.013231481481481481
14 0.9167864583333334 0.3779675925925926 0.022114583333333333 0.022601851851851852
14 0.9063802083333333 0.38000925925925927 0.029427083333333333 0.026685185185185187
14 0.8890859375000001 0.38752777777777775 0.03233854166666667 0.026907407407407408
14 0.8781718749999999 0.3894675925925926 0.03134375 0.02337962962962963
14 0.8655677083333334 0.3978425925925926 0.03426041666666667 0.030870370370370374
14 0.8724531249999999 0.37103703703703705 0.01678125 0.010592592592592593
14 0.8559869791666667 0.3788842592592592 0.019265625 0.011472222222222222
14 0.847765625 0.39779166666666665 0.039281250000000004 0.02150925925925926
14 0.8438541666666667 0.4045694444444444 0.04083333333333334 0.025805555555555557
14 0.8392265625 0.38288425925925923 0.019078125 0.01576851851851852
14 0.8233750000000001 0.3865787037037037 0.03841666666666667 0.023157407407407408
14 0.8013385416666666 0.40231944444444445 0.03705208333333333 0.023157407407407408
14 0.7698437499999999 0.37586574074074075 0.026145833333333333 0.0165462962962963
14 0.7590260416666667 0.3794351851851852 0.025343749999999998 0.012574074074074074
14 0.5525859375 0.37221296296296297 0.030171875 0.016648148148148148
14 0.5944895833333333 0.36969907407407404 0.029604166666666668 0.024583333333333336
14 0.5507838541666668 0.37813425925925925 0.025526041666666666 0.013675925925925925
14 0.5428697916666666 0.3827222222222222 0.024281249999999997 0.006185185185185185
14 0.5299140625 0.37754166666666666 0.019203124999999998 0.014342592592592593
14 0.5177864583333334 0.37545833333333334 0.014739583333333334 0.012027777777777778
14 0.511046875 0.3773333333333333 0.014802083333333334 0.015777777777777776
14 0.4966848958333333 0.37854166666666667 0.03191145833333334 0.018194444444444444
14 0.48988281250000004 0.3817407407407407 0.016223958333333333 0.015333333333333332
14 0.483578125 0.38228240740740743 0.022364583333333334 0.014564814814814815
14 0.4733671875 0.3829444444444444 0.02069270833333333 0.01588888888888889
14 0.46677083333333336 0.3844074074074074 0.018958333333333334 0.015111111111111112
14 0.46708072916666665 0.37006944444444445 0.019578125000000002 0.012361111111111111
14 0.450046875 0.37110185185185185 0.019885416666666666 0.012574074074074074
14 0.4331953125 0.368412037037037 0.014307291666666666 0.009046296296296295
14 0.39478125000000003 0.392537037037037 0.04789583333333333 0.05544444444444445
14 0.3694557291666667 0.37860648148148146 0.011828125 0.020175925925925924
14 0.35976302083333334 0.3808009259259259 0.02577604166666667 0.022712962962962963
14 0.3428984375 0.38395370370370374 0.018088541666666666 0.021611111111111112
14 0.3243255208333334 0.38375462962962964 0.038234375 0.024916666666666667
14 0.2907083333333333 0.3838564814814815 0.03141666666666667 0.023268518518518518
10 0.31129687500000003 0.40354166666666663 0.004885416666666667 0.027453703703703702
14 0.27372135416666665 0.37747222222222226 0.01827604166666667 0.021611111111111112
14 0.2742395833333333 0.36786111111111114 0.028687499999999998 0.017203703703703704
14 0.25640885416666664 0.3789490740740741 0.023234374999999998 0.022712962962962963
14 0.23924479166666668 0.3814861111111111 0.02744791666666667 0.01852777777777778
14 0.22991927083333333 0.37156481481481485 0.030671875 0.017203703703703704
14 0.21651822916666666 0.3816435185185185 0.017411458333333334 0.016990740740740744
14 0.1992578125 0.3823009259259259 0.026640624999999998 0.018305555555555554
14 0.03472395833333333 0.5955046296296296 0.06944791666666666 0.08545370370370371
10 0.2984583333333333 0.651412037037037 0.026083333333333333 0.10837962962962963
10 0.25409114583333337 0.6526203703703705 0.026932291666666667 0.1182037037037037
10 0.23404687500000002 0.6460833333333333 0.022260416666666668 0.08661111111111111