14 0.4720989583333333 0.40608796296296296 0.04523958333333333 0.09921296296296298
14 0.5088880208333334 0.3949814814814815 0.03444270833333333 0.03996296296296296
14 0.5438151041666667 0.4415601851851852 0.04283854166666667 0.06275
14 0.582171875 0.43421759259259257 0.02996875 0.040657407407407406
14 0.7953098958333332 0.48801851851851846 0.020828125 0.029740740740740738
14 0.8319192708333334 0.4959027777777778 0.03571354166666666 0.032546296296296295
14 0.17166145833333335 0.3138148148148148 0.056864583333333336 0.05170370370370371
14 0.6908515625 0.46875 0.03378645833333334 0.04861111111111111
10 0.6331458333333334 0.44495833333333334 0.0069166666666666664 0.030657407407407408
10 0.6455182291666667 0.4495324074074074 0.007703125 0.030546296296296297
10 0.6465911458333333 0.4516712962962963 0.007765625 0.03112037037037037
10 0.7114010416666667 0.46527314814814813 0.007177083333333333 0.03239814814814815
10 0.7206119791666666 0.46902777777777777 0.006848958333333334 0.0287962962962963