14 0.14742708333333335 0.528462962962963 0.14015104166666664 0.17207407407407407
14 0.7729635416666666 0.5348425925925926 0.08773437499999999 0.13472222222222222
10 0.7627604166666667 0.6309444444444444 0.02628125 0.11955555555555555
14 0.016828125000000003 0.5151203703703704 0.033651041666666666 0.04368518518518519
14 0.016848958333333334 0.4921018518518519 0.025697916666666668 0.024925925925925928
14 0.04153645833333333 0.49484259259259256 0.019572916666666666 0.029
14 0.039177083333333335 0.5158703703703703 0.03810416666666667 0.04649074074074074
14 0.28619791666666666 0.47025925925925927 0.04039583333333333 0.0625
10 0.25578125 0.4836666666666667 0.008880208333333334 0.04313888888888889
10 0.24552083333333333 0.4839444444444444 0.007416666666666667 0.044814814814814814
14 0.9713333333333334 0.6199814814814815 0.05733333333333333 0.1255