14 0.14090625 0.6308518518518519 0.037218749999999995 0.043759259259259255
14 0.18095833333333333 0.6296759259259259 0.029630208333333335 0.035444444444444445
14 0.223921875 0.6575925925925926 0.12184375 0.06476851851851852
14 0.23018229166666665 0.6200185185185185 0.03968229166666667 0.026194444444444444
14 0.26865104166666665 0.6258981481481481 0.022932291666666667 0.013027777777777779
14 0.5989114583333334 0.6476203703703703 0.032713541666666665 0.03749074074074074
14 0.6587395833333333 0.5490925925925926 0.009307291666666667 0.007435185185185184
14 0.6473281249999999 0.5468333333333334 0.008807291666666666 0.0063981481481481485
14 0.6513958333333334 0.5798333333333333 0.014343749999999999 0.017222222222222222
14 0.520828125 0.547787037037037 0.005609375 0.008268518518518519
10 0.19375520833333332 0.8196574074074074 0.029416666666666664 0.12310185185185184
6 0.197453125 0.7756574074074074 0.004640625 0.010064814814814815
6 0.30528125 0.7862037037037037 0.005078125 0.010425925925925925
10 0.3001510416666667 0.8244814814814815 0.022177083333333333 0.1112962962962963
14 0.533125 0.5346296296296296 0.0049479166666666664 0.006120370370370371