14 0.17453645833333334 0.6356203703703704 0.033046875 0.04618518518518519
14 0.1333125 0.6353333333333333 0.03875 0.040629629629629634
14 0.5967864583333333 0.6461944444444444 0.030380208333333332 0.04019444444444444
14 0.5628072916666667 0.7131574074074074 0.090171875 0.14464814814814814
14 0.2513020833333333 0.6643240740740741 0.056453125 0.06121296296296296
10 0.7220729166666667 0.6779074074074074 0.014494791666666666 0.05575925925925926
14 0.4012135416666667 0.7061666666666666 0.20268229166666665 0.17769444444444443
14 0.46341145833333336 0.9088703703703704 0.2745208333333334 0.18225925925925926
10 0.19705208333333332 0.9373981481481481 0.03138020833333333 0.1252037037037037
14 0.224640625 0.6337407407407408 0.043765625 0.053361111111111116
14 0.2635208333333333 0.6384166666666666 0.028484375 0.034351851851851856