14 0.5773359374999999 0.42969444444444443 0.09946354166666667 0.17049999999999998
14 0.5818125 0.34426851851851853 0.08549999999999999 0.0940925925925926
14 0.2867265625 0.2337175925925926 0.08803645833333333 0.05076851851851852
14 0.133859375 0.22204166666666666 0.11459375000000001 0.07371296296296297
10 0.201921875 0.23997685185185186 0.008010416666666667 0.037361111111111116
10 0.22769791666666667 0.24187500000000003 0.005395833333333333 0.03375
10 0.3340208333333334 0.25354629629629627 0.007625000000000001 0.031166666666666662
10 0.34977864583333335 0.2582824074074074 0.006848958333333334 0.03323148148148148
10 0.35327604166666665 0.26319444444444445 0.00446875 0.01898148148148148
10 0.3784192708333334 0.2687175925925926 0.011005208333333332 0.01336111111111111
10 0.389828125 0.2556898148148148 0.00778125 0.024342592592592593
10 0.4080494791666667 0.25720833333333337 0.008807291666666666 0.03663888888888889
14 0.0086328125 0.23441203703703703 0.017265625 0.02623148148148148