14 0.5491197916666667 0.5277407407407407 0.05761458333333334 0.0628888888888889
14 0.8312109375 0.5404537037037037 0.053046875 0.11053703703703703
14 0.8589739583333333 0.5588703703703705 0.06586458333333332 0.09922222222222223
14 0.937734375 0.45955092592592595 0.018177083333333333 0.03391666666666667
14 0.9147630208333334 0.459287037037037 0.020151041666666664 0.037092592592592594
10 0.9689401041666666 0.5704907407407407 0.02225520833333333 0.05209259259259259
14 0.8465390625 0.4653425925925926 0.014953125000000001 0.01587037037037037
14 0.7551536458333333 0.5185277777777778 0.03009895833333333 0.06298148148148147
10 0.7530130208333333 0.529537037037037 0.013317708333333334 0.05907407407407407
10 0.741609375 0.526986111111111 0.00821875 0.05767592592592592
14 0.6780546875 0.5298333333333334 0.03527604166666667 0.07077777777777777
10 0.022473958333333332 0.42706481481481484 0.0064062500000000005 0.018944444444444444