14 0.4044270833333333 0.7216388888888889 0.20288541666666668 0.1997962962962963
14 0.13652604166666665 0.6311574074074073 0.03909895833333333 0.0402962962962963
14 0.4644375 0.9105925925925926 0.27702604166666667 0.17881481481481482
14 0.22813541666666665 0.6298703703703704 0.042921875 0.0515462962962963
14 0.17808854166666668 0.6314537037037037 0.03299479166666667 0.04362037037037037
14 0.2552083333333333 0.6604351851851852 0.05655208333333333 0.05946296296296296
14 0.6011510416666667 0.6441388888888888 0.033604166666666664 0.037398148148148146
14 0.3481927083333333 0.6575648148148148 0.0668125 0.06237962962962963
14 0.7900208333333333 0.5516018518518518 0.012776041666666666 0.008083333333333333
14 0.26717708333333334 0.6353055555555556 0.027010416666666665 0.03609259259259259
10 0.2819479166666667 0.7016481481481481 0.015375 0.06789814814814815
14 0.5662604166666667 0.7100555555555556 0.09100520833333332 0.14326851851851852
10 0.13009375 0.8609351851851851 0.0331875 0.13870370370370372
10 0.03407291666666667 0.8816111111111111 0.038114583333333334 0.1419074074074074
10 0.10786458333333333 0.9448518518518519 0.048442708333333334 0.11030555555555555