14 0.7599166666666667 0.6974814814814815 0.11775000000000001 0.2134814814814815
14 0.9916328125 0.3742685185185185 0.016598958333333334 0.017055555555555556
14 0.8907109375 0.3823009259259259 0.041838541666666666 0.025712962962962962
14 0.9110052083333334 0.37519907407407405 0.029302083333333333 0.026324074074074073
14 0.8677630208333333 0.3768425925925926 0.031359375 0.020351851851851854
14 0.8047057291666667 0.39793518518518517 0.041703124999999994 0.023648148148148147
14 0.7724348958333334 0.3740277777777778 0.043828125 0.025833333333333333
14 0.7454427083333334 0.3728842592592592 0.015885416666666666 0.021694444444444443
10 0.7711666666666667 0.37513888888888886 0.005875 0.026203703703703705
14 0.5381614583333333 0.3672037037037037 0.04923958333333334 0.030703703703703702
14 0.49149218749999996 0.378537037037037 0.024651041666666665 0.016333333333333335
14 0.47175260416666664 0.379962962962963 0.026838541666666667 0.01548148148148148
14 0.4419583333333333 0.3726759259259259 0.022458333333333334 0.015722222222222224
14 0.4362786458333333 0.38328703703703704 0.040265625 0.025833333333333333
14 0.3987265625 0.38449537037037035 0.03286979166666667 0.020842592592592593
14 0.23589583333333333 0.3710185185185185 0.030125000000000002 0.02351851851851852
14 0.217484375 0.3789537037037037 0.02663541666666667 0.019018518518518518
14 0.22215104166666666 0.4973888888888888 0.024510416666666666 0.067
10 0.37812239583333335 0.6459259259259259 0.022911458333333336 0.10666666666666667