14 0.5491197916666667 0.5277407407407407 0.05761458333333334 0.0628888888888889
14 0.7233723958333333 0.513337962962963 0.06236979166666667 0.054453703703703706
14 0.8312109375 0.5404537037037037 0.053046875 0.11053703703703703
14 0.8589739583333333 0.5588703703703705 0.06586458333333332 0.09922222222222223
10 0.9413854166666666 0.5679351851851852 0.0213125 0.05253703703703704
14 0.937734375 0.45955092592592595 0.018177083333333333 0.03391666666666667
14 0.9147630208333334 0.459287037037037 0.020151041666666664 0.037092592592592594
10 0.8474895833333334 0.45763425925925927 0.014770833333333334 0.04489814814814815
10 0.8505755208333333 0.3547083333333333 0.010526041666666668 0.02978703703703704
10 0.8324817708333333 0.34906481481481483 0.0066302083333333334 0.035166666666666666
10 0.9349531249999999 0.5683055555555555 0.008447916666666666 0.04401851851851852