14 0.6567760416666667 0.9146018518518518 0.2665677083333333 0.1707962962962963
14 0.13836458333333335 0.6343888888888889 0.03700520833333333 0.04061111111111111
14 0.23441666666666666 0.6338981481481482 0.033499999999999995 0.05422222222222223
14 0.40702083333333333 0.7259722222222221 0.20510416666666667 0.20637037037037037
14 0.17966666666666667 0.6343240740740741 0.034171875 0.045148148148148146
14 0.7546614583333333 0.6937222222222222 0.047427083333333335 0.07685185185185185
10 0.225015625 0.7832407407407407 0.02325 0.10237037037037038
14 0.5906041666666667 0.6492129629629629 0.03155729166666667 0.03818518518518519
14 0.4128489583333333 0.6494074074074074 0.10287500000000001 0.0827037037037037
14 0.35334374999999996 0.6863796296296296 0.04615104166666666 0.06799999999999999
10 0.2755520833333333 0.691212962962963 0.016432291666666668 0.06799074074074074
10 0.07316145833333333 0.8375833333333333 0.032468750000000005 0.06478703703703703