14 0.17444270833333334 0.6352592592592593 0.03301041666666667 0.045120370370370366
14 0.13316145833333332 0.6357222222222223 0.038598958333333336 0.04012962962962963
14 0.5970052083333334 0.6468518518518519 0.030140624999999997 0.041074074074074075
14 0.5624322916666666 0.7126111111111111 0.09116145833333333 0.14503703703703702
14 0.25116145833333337 0.66425 0.055828125 0.06139814814814815
14 0.22442708333333333 0.63325 0.04348958333333333 0.05256481481481482
14 0.263765625 0.6372685185185185 0.026963541666666667 0.033277777777777774
14 0.40239583333333334 0.710212962962963 0.20674479166666665 0.1718425925925926
14 0.465953125 0.9108425925925926 0.2710989583333333 0.17831481481481481
10 0.19900520833333332 0.9461018518518518 0.043625000000000004 0.10780555555555556
10 0.20501041666666667 0.8877962962962963 0.023255208333333333 0.07980555555555556