14 0.5491197916666667 0.5277407407407407 0.05761458333333334 0.0628888888888889
14 0.8312109375 0.5404537037037037 0.053046875 0.11053703703703703
14 0.8589739583333333 0.5588703703703705 0.06586458333333332 0.09922222222222223
14 0.937734375 0.45955092592592595 0.018177083333333333 0.03391666666666667
14 0.9147630208333334 0.459287037037037 0.020151041666666664 0.037092592592592594
10 0.8476354166666666 0.4570833333333333 0.015062500000000001 0.04379629629629629
10 0.8040390625 0.4245 0.010161458333333335 0.01566666666666667
14 0.7500703125 0.5153055555555556 0.03972395833333333 0.054685185185185184
14 0.6783515625 0.5282175925925926 0.034828125 0.07125000000000001
10 0.5489999999999999 0.5316342592592592 0.0105 0.05586111111111111
10 0.3340677083333333 0.5044027777777778 0.00771875 0.04028703703703704
14 0.07584635416666667 0.5454953703703703 0.09752604166666666 0.07802777777777778
10 0.2768203125 0.41108796296296296 0.008848958333333332 0.03699074074074074
10 0.26233072916666667 0.4120138888888889 0.011119791666666667 0.03699074074074074
14 0.990609375 0.5212129629629629 0.01871875 0.0702037037037037
10 0.9790260416666666 0.5699675925925927 0.019510416666666665 0.04919444444444444