14 0.5807760416666666 0.8601203703703704 0.28166145833333334 0.23853703703703705
14 0.190625 0.6514259259259259 0.11594791666666666 0.06398148148148147
14 0.573046875 0.6796574074074074 0.06592187499999999 0.10837962962962963
14 0.6035364583333334 0.6465185185185185 0.02703125 0.038296296296296294
14 0.45882812500000003 0.7279259259259259 0.13261979166666665 0.11524074074074074
14 0.2576041666666667 0.6626574074074074 0.057703125 0.06062962962962963
10 0.358890625 0.8633703703703705 0.029026041666666665 0.1256851851851852
14 0.22636458333333334 0.6234814814814815 0.038901041666666664 0.03513888888888889
14 0.262765625 0.6327407407407407 0.02938020833333333 0.041546296296296296
10 0.3260625 0.7280925925925926 0.019125 0.08177777777777777
10 0.42950520833333333 0.9044074074074074 0.02840625 0.08732407407407408