14 0.9966145833333333 0.175 0.0067708333333333336 0.012962962962962963
14 0.9847760416666667 0.17540277777777777 0.012260416666666666 0.011916666666666666
14 0.9708567708333333 0.17430092592592594 0.013588541666666667 0.01897222222222222
14 0.9625781250000001 0.17350925925925925 0.010572916666666666 0.019240740740740742
14 0.8991119791666667 0.16327777777777777 0.010723958333333334 0.015444444444444445
14 0.8798255208333334 0.1647361111111111 0.013817708333333335 0.014657407407407407
14 0.7533802083333333 0.1358009259259259 0.006760416666666667 0.008638888888888889
14 0.33217447916666665 0.319625 0.12059895833333334 0.18184259259259258
14 0.4921979166666667 0.2759583333333333 0.12502083333333333 0.08339814814814814
10 0.5889921875 0.28683333333333333 0.021734374999999997 0.07366666666666667
10 0.6458880208333333 0.3069768518518518 0.013651041666666667 0.07691666666666666