14 0.32895833333333335 0.2152824074074074 0.02354166666666667 0.030564814814814812
14 0.34429947916666664 0.2892638888888889 0.05109895833333333 0.041490740740740745
14 0.7426796875 0.2205925925925926 0.03640104166666667 0.02637037037037037
14 0.90234375 0.5097222222222222 0.1953125 0.11018518518518519
10 0.7841848958333333 0.42606944444444445 0.016286458333333333 0.052138888888888894
10 0.682828125 0.49196759259259265 0.00940625 0.08208333333333334
10 0.688828125 0.49389814814814814 0.009947916666666667 0.07853703703703703
14 0.8103854166666667 0.45956018518518515 0.22493749999999998 0.2061574074074074
14 0.6521171875 0.4633703703703704 0.06777604166666666 0.15266666666666667
10 0.5270755208333333 0.5223796296296296 0.020817708333333334 0.11142592592592593
10 0.4658489583333333 0.5146064814814815 0.019197916666666665 0.10143518518518518
14 0.5117838541666667 0.467875 0.13919270833333333 0.1246388888888889
14 0.30616927083333334 0.678787037037037 0.21650520833333334 0.34275925925925926
10 0.1792109375 0.6913101851851852 0.040713541666666665 0.21225