14 0.09420833333333332 0.6324444444444444 0.03756770833333333 0.04593518518518518
14 0.137015625 0.6351296296296297 0.03748958333333333 0.03974074074074074
14 0.1779791666666667 0.6350648148148148 0.034312499999999996 0.045
14 0.23294270833333333 0.6345925925925926 0.03355729166666667 0.05266666666666667
14 0.41080208333333335 0.6492592592592593 0.106625 0.08656481481481482
14 0.5890729166666666 0.6489907407407407 0.031151041666666667 0.03801851851851852
14 0.4990729166666667 0.6360740740740741 0.07766145833333334 0.07141666666666666
14 0.5341822916666668 0.6794166666666667 0.0925 0.08414814814814814
10 0.6525416666666667 0.6764722222222223 0.011015625 0.058472222222222224
10 0.68109375 0.6748240740740741 0.015395833333333333 0.058472222222222224
10 0.695203125 0.6788240740740741 0.0094375 0.060833333333333336