14 0.5491197916666667 0.5277407407407407 0.05761458333333334 0.0628888888888889
14 0.8405104166666667 0.5391296296296296 0.07164583333333334 0.10788888888888888
14 0.937734375 0.45955092592592595 0.018177083333333333 0.03391666666666667
14 0.9147630208333334 0.459287037037037 0.020151041666666664 0.037092592592592594
14 0.2542317708333333 0.43144907407407407 0.014713541666666666 0.011046296296296295
14 0.41635677083333333 0.5288101851851852 0.056671875000000003 0.07984259259259259
14 0.6776640625 0.5253009259259259 0.037619791666666666 0.06726851851851852
14 0.7497708333333333 0.5154583333333334 0.04120833333333333 0.05684259259259259
10 0.7204010416666667 0.5491712962962964 0.014760416666666666 0.040935185185185186
10 0.8475989583333334 0.45725925925925925 0.013947916666666667 0.044148148148148145
10 0.868703125 0.5413657407407407 0.013447916666666667 0.05865740740740741
10 0.8281328125 0.35568518518518516 0.0062656249999999995 0.052111111111111115
10 0.8487552083333333 0.3589027777777778 0.011052083333333332 0.05299074074074074
14 0.9709791666666666 0.45622222222222225 0.01175 0.023555555555555555