14 0.781796875 0.4572962962962963 0.008385416666666668 0.007185185185185185
14 0.5415885416666666 0.5003842592592592 0.017552083333333336 0.019287037037037037
14 0.5252083333333333 0.49145370370370367 0.017083333333333332 0.021796296296296296
14 0.48008072916666666 0.49536111111111114 0.03411979166666667 0.04257407407407407
14 0.517734375 0.5365833333333333 0.06671875 0.07316666666666666
14 0.44971614583333336 0.5038055555555556 0.044223958333333334 0.029833333333333333
14 0.3985546875 0.5002083333333334 0.028359375000000003 0.0300462962962963
14 0.36601822916666665 0.4855324074074074 0.038286458333333336 0.04884259259259259
14 0.3461276041666667 0.4679537037037037 0.008921875 0.015537037037037038
14 0.3362630208333333 0.49807870370370366 0.021484375 0.02763888888888889
14 0.283203125 0.47444444444444445 0.061197916666666664 0.03777777777777778
14 0.16165625 0.5034027777777778 0.04310416666666667 0.038287037037037036
14 0.11251822916666666 0.5112037037037037 0.03441145833333333 0.04277777777777778
10 0.08854427083333333 0.4865925925925926 0.005213541666666667 0.01762962962962963