14 0.4012604166666666 0.7228703703703704 0.2033697916666667 0.2047962962962963
14 0.3450885416666667 0.6580925925925926 0.06747916666666667 0.06287962962962963
14 0.17494270833333334 0.6322777777777778 0.033203125 0.04505555555555555
14 0.25161979166666665 0.6609074074074074 0.05607291666666667 0.06278703703703704
14 0.22482291666666668 0.6309259259259259 0.04286979166666667 0.05257407407407407
14 0.13319791666666667 0.6326851851851851 0.039234375 0.04118518518518518
14 0.675109375 0.6684722222222222 0.09236979166666666 0.10857407407407407
14 0.5972604166666666 0.6439166666666666 0.030244791666666666 0.03885185185185185
10 0.697625 0.7139074074074074 0.017760416666666667 0.0691574074074074
14 0.562375 0.7104907407407408 0.09084895833333334 0.14400925925925925
14 0.8210104166666666 0.5520925925925926 0.011640625 0.008685185185185186
14 0.6548177083333333 0.5439537037037038 0.010552083333333333 0.007527777777777778
14 0.2638489583333333 0.6358796296296296 0.0274375 0.03638888888888889
14 0.5283229166666666 0.9048148148148148 0.25625 0.19037962962962965
10 0.180546875 0.8738333333333334 0.02465625 0.1340648148148148
10 0.15231770833333333 0.8855000000000001 0.033468750000000005 0.13958333333333334
10 0.009593750000000002 0.8939351851851852 0.019182291666666667 0.15462037037037038