14 0.5491197916666667 0.5277407407407407 0.05761458333333334 0.0628888888888889
14 0.8405104166666667 0.5391296296296296 0.07164583333333334 0.10788888888888888
14 0.937734375 0.45955092592592595 0.018177083333333333 0.03391666666666667
14 0.9147630208333334 0.459287037037037 0.020151041666666664 0.037092592592592594
14 0.4168151041666667 0.5273796296296297 0.056546874999999996 0.07698148148148148
14 0.6781458333333333 0.5248657407407408 0.03754166666666667 0.06824999999999999
14 0.7506328124999999 0.5150694444444445 0.04084895833333334 0.05421296296296296
10 0.7116015625000001 0.5370231481481481 0.012786458333333334 0.06293518518518518
10 0.8749817708333333 0.5431759259259259 0.016630208333333334 0.05857407407407407
10 0.8478723958333333 0.4575509259259259 0.014494791666666666 0.04473148148148148
10 0.8500885416666667 0.3585231481481481 0.012677083333333334 0.048527777777777774
14 0.990625 0.5212962962962963 0.01875 0.07222222222222222