14 0.9345338541666667 0.3823472222222222 0.051359375 0.025805555555555557
14 0.992140625 0.4568101851851852 0.01553125 0.05436111111111111
14 0.8235260416666667 0.4147037037037037 0.01371875 0.040518518518518516
14 0.8031640625 0.42453703703703705 0.036536458333333334 0.04537037037037037
10 0.7561119791666666 0.4148935185185185 0.009098958333333332 0.01867592592592593
10 0.7616614583333334 0.4341111111111111 0.005614583333333333 0.029333333333333333
10 0.7846536458333334 0.4301990740740741 0.0047239583333333335 0.03447222222222222
14 0.710921875 0.4104351851851852 0.05726041666666667 0.03198148148148148
14 0.6403151041666667 0.45131481481481484 0.020213541666666668 0.026703703703703705
10 0.6363229166666666 0.4315462962962963 0.0080625 0.024203703703703703
14 0.46878125 0.7056898148148149 0.10839583333333333 0.18360185185185185