14 0.98984375 0.4564814814814815 0.0203125 0.04814814814814815
14 0.8366822916666667 0.4363888888888889 0.05982291666666666 0.04314814814814815
14 0.7738333333333334 0.4370648148148148 0.06641666666666667 0.044500000000000005
14 0.8020130208333334 0.40887037037037033 0.049859375000000004 0.02885185185185185
14 0.6570677083333333 0.41258796296296296 0.03392708333333334 0.03443518518518518
14 0.5383567708333333 0.4172314814814815 0.09338020833333333 0.049277777777777775
14 0.43318229166666666 0.41253240740740743 0.05698958333333334 0.03987962962962963
14 0.4026380208333334 0.4052824074074074 0.02090104166666667 0.03278703703703703
10 0.7737161458333334 0.4053611111111111 0.0047239583333333335 0.01998148148148148
10 0.7768671875000001 0.40485185185185185 0.003734375 0.015259259259259259
10 0.7658020833333333 0.40494444444444444 0.006604166666666666 0.021
10 0.7371822916666667 0.41831944444444447 0.00665625 0.032935185185185185
10 0.726453125 0.41535648148148147 0.00603125 0.03256481481481482
10 0.7192109375 0.4162824074074074 0.0050885416666666666 0.030712962962962966
10 0.7057994791666666 0.4141064814814815 0.006390625 0.03191666666666666
10 0.6852291666666667 0.4120694444444445 0.007958333333333333 0.029694444444444443