14 0.9919739583333332 0.4855555555555555 0.01103125 0.01
14 0.9593411458333333 0.48653240740740744 0.013473958333333334 0.010101851851851851
14 0.9485494791666667 0.4866342592592593 0.012723958333333334 0.008453703703703705
14 0.7800546875 0.4870462962962963 0.011151041666666667 0.009277777777777777
14 0.5530859375 0.5164351851851852 0.022838541666666667 0.016203703703703703
14 0.539984375 0.5185879629629631 0.013302083333333332 0.013101851851851852
14 0.5282447916666667 0.5176666666666667 0.01690625 0.014962962962962963
14 0.29649739583333334 0.5141018518518519 0.027369791666666664 0.031907407407407405
14 0.23184375 0.5053564814814815 0.008479166666666668 0.007009259259259259
14 0.21567447916666668 0.5252731481481481 0.010515625 0.013509259259259259
14 0.23811458333333332 0.5272361111111111 0.0314375 0.017435185185185182
10 0.2664947916666667 0.5281574074074074 0.0038229166666666667 0.015574074074074074
14 0.18280729166666668 0.5202592592592593 0.02603125 0.023851851851851853
14 0.15314583333333334 0.5342824074074074 0.022958333333333334 0.016712962962962964
14 0.15186979166666664 0.5570648148148148 0.022489583333333334 0.03635185185185185
14 0.1879479166666667 0.5568194444444444 0.022770833333333334 0.04326851851851852
14 0.2054609375 0.5643611111111111 0.026546875 0.03427777777777778
14 0.123671875 0.5677592592592592 0.04213541666666667 0.03551851851851852
14 0.09185937500000001 0.556962962962963 0.023302083333333334 0.036148148148148145
14 0.07405208333333334 0.5328981481481482 0.017895833333333333 0.015796296296296294
10 0.08732812499999999 0.531962962962963 0.00278125 0.012074074074074074
10 0.09592187499999999 0.5324768518518519 0.003302083333333333 0.01125
10 0.013791666666666667 0.5683055555555555 0.008833333333333334 0.0255
10 0.0016041666666666667 0.5756620370370371 0.0032083333333333334 0.02539814814814815
14 0.039296875 0.5710555555555555 0.04213541666666667 0.0347037037037037
14 0.03586458333333333 0.6102314814814814 0.07172916666666666 0.05009259259259259
14 0.03336197916666667 0.5900092592592593 0.06672395833333335 0.020759259259259262