14 0.026911458333333336 0.5630462962962963 0.028333333333333332 0.019398148148148147
14 0.027473958333333333 0.5890092592592593 0.04886458333333333 0.0345462962962963
14 0.03491145833333333 0.6102314814814814 0.0279375 0.045879629629629624
14 0.08109374999999999 0.5718240740740741 0.024520833333333332 0.04119444444444444
14 0.19479166666666667 0.5733148148148147 0.04186458333333333 0.0337037037037037
14 0.23023437500000002 0.6221851851851852 0.02921354166666667 0.04827777777777778
14 0.31146875 0.5710462962962963 0.031609375 0.028037037037037037
14 0.5909479166666666 0.5640185185185185 0.011713541666666666 0.026194444444444444
14 0.868515625 0.5771018518518518 0.02264583333333333 0.03338888888888889
14 0.9353854166666667 0.5755740740740741 0.048817708333333334 0.0337037037037037
14 0.9774166666666667 0.5707592592592592 0.028072916666666666 0.03446296296296296
14 0.7214270833333334 0.6441203703703704 0.09683333333333333 0.08112962962962963
14 0.3711979166666667 0.6930000000000001 0.10702083333333333 0.14237962962962963
14 0.065171875 0.8045833333333334 0.10613020833333334 0.15293518518518517