10 0.08720052083333334 0.5020138888888889 0.012942708333333334 0.04106481481481482
10 0.15342187499999999 0.47504629629629624 0.00684375 0.031574074074074074
10 0.18389322916666667 0.4746018518518519 0.009453125 0.03253703703703704
14 0.6547916666666667 0.4506712962962963 0.022083333333333333 0.01800925925925926
14 0.8807421875 0.5302037037037037 0.09273437500000001 0.07707407407407407
14 0.9325130208333333 0.5653425925925927 0.05669270833333333 0.07512962962962963
10 0.7778645833333333 0.5296944444444445 0.0078125 0.04087037037037037
10 0.7671484375 0.5203518518518518 0.007213541666666667 0.024037037037037037
10 0.761109375 0.5248796296296296 0.008677083333333334 0.029388888888888888
10 0.755734375 0.5202222222222223 0.007302083333333333 0.018222222222222223
10 0.7546744791666666 0.5506388888888889 0.011432291666666667 0.05127777777777778
14 0.2838515625 0.526912037037037 0.067703125 0.05937962962962962
10 0.6363619791666667 0.5978888888888889 0.019598958333333336 0.06244444444444444