14 0.8503098958333334 0.5487685185185185 0.083953125 0.1067962962962963
14 0.27023958333333337 0.4818472222222222 0.06652083333333333 0.04147222222222222
14 0.20932291666666666 0.4564722222222222 0.05614583333333333 0.04627777777777777
10 0.8611328125 0.5295324074074074 0.010807291666666666 0.03499074074074074
10 0.8254348958333334 0.5818657407407407 0.011286458333333334 0.05447222222222222
10 0.8135911458333334 0.5817777777777778 0.013640625 0.05614814814814815
10 0.7386432291666666 0.5427453703703703 0.012703125000000001 0.02808333333333333
10 0.6989192708333333 0.5804953703703704 0.016588541666666668 0.038768518518518515
10 0.7213359374999999 0.5371574074074074 0.012463541666666666 0.048388888888888884
10 0.12290104166666667 0.5020185185185184 0.01246875 0.029962962962962962
14 0.03584895833333333 0.474787037037037 0.031072916666666665 0.04587037037037037
14 0.0831015625 0.4662824074074074 0.021411458333333334 0.038120370370370374