14 0.9264583333333333 0.5338101851851852 0.09354166666666666 0.09539814814814815
10 0.7878203125 0.5267453703703704 0.010015625 0.047935185185185185
10 0.7261197916666667 0.5316481481481481 0.011614583333333334 0.03181481481481482
10 0.48098958333333336 0.4968425925925926 0.0078125 0.041833333333333333
10 0.4717083333333333 0.49336111111111114 0.009041666666666667 0.020055555555555556
10 0.45507291666666666 0.4878564814814815 0.0080625 0.033120370370370376
10 0.43243229166666663 0.4912870370370371 0.007572916666666666 0.03812962962962963
14 0.018229166666666668 0.44166666666666665 0.036458333333333336 0.027777777777777776
14 0.22944791666666667 0.47761574074074076 0.0380625 0.04226851851851852
14 0.5740260416666667 0.49269444444444443 0.04284375 0.07057407407407407
14 0.787125 0.5014074074074074 0.077375 0.07318518518518519