14 0.23359895833333333 0.6337407407407408 0.034520833333333334 0.05307407407407407
14 0.6594947916666667 0.9045462962962962 0.2635208333333333 0.19090740740740741
14 0.17985416666666668 0.6344074074074074 0.03388541666666667 0.043694444444444445
14 0.138640625 0.6342037037037037 0.037328125000000004 0.04036111111111111
14 0.09551041666666667 0.6319351851851852 0.0364375 0.046537037037037036
14 0.7549947916666666 0.6928055555555556 0.046661458333333336 0.07488888888888888
14 0.4039479166666667 0.7265462962962963 0.2009635416666667 0.20301851851851851
14 0.5903177083333334 0.6491388888888889 0.031234374999999998 0.038675925925925926
14 0.35358854166666664 0.6955462962962964 0.041041666666666664 0.045287037037037035
10 0.2936510416666666 0.689425925925926 0.013895833333333333 0.06318518518518518
10 0.18958854166666667 0.7148518518518518 0.016671875 0.08061111111111112