14 0.04737239583333333 0.4385046296296296 0.09474479166666666 0.05478703703703704
14 0.23342447916666667 0.8433981481481482 0.311640625 0.31272222222222223
14 0.055989583333333336 0.9189814814814815 0.11197916666666667 0.16203703703703703
14 0.6274010416666668 0.6670462962962963 0.24751041666666668 0.19705555555555554
14 0.3338203125 0.6059259259259259 0.192640625 0.16925925925925928
14 0.6905833333333333 0.6151898148148148 0.22804166666666664 0.19889814814814816
14 0.7725755208333334 0.592212962962963 0.11806770833333333 0.13998148148148148
14 0.8044817708333334 0.5637592592592593 0.17667187499999998 0.13492592592592592
14 0.8581640625 0.5391898148148149 0.13716145833333335 0.12282407407407409
14 0.8986588541666667 0.518287037037037 0.15669270833333335 0.12361111111111112
14 0.9172916666666667 0.4881712962962963 0.14395833333333333 0.10412037037037038