14 0.9305416666666667 0.3120138888888889 0.013166666666666667 0.012916666666666667
14 0.9552083333333333 0.4101851851851852 0.08958333333333333 0.07962962962962963
14 0.7306171875 0.4425324074074074 0.08831770833333333 0.09062037037037038
14 0.7154088541666667 0.3932962962962963 0.08081770833333332 0.04585185185185185
14 0.7592421874999999 0.39037037037037037 0.052859375 0.0437037037037037
14 0.5742552083333333 0.385125 0.07246875 0.07210185185185186
14 0.5172109375 0.4348287037037037 0.06775520833333333 0.07706481481481482
14 0.4391380208333333 0.37863425925925925 0.049109375000000004 0.03875
14 0.30114322916666664 0.5689537037037037 0.21686979166666667 0.13605555555555554
14 0.34970833333333334 0.49145370370370367 0.18483333333333332 0.11994444444444444
10 0.6666562500000001 0.459587962962963 0.0145625 0.039546296296296295
10 0.6441822916666666 0.45364814814814813 0.015447916666666667 0.04988888888888889
10 0.6472135416666667 0.44592129629629634 0.012135416666666668 0.06036111111111111
10 0.549578125 0.3825648148148148 0.008531249999999999 0.03364814814814815
10 0.42578125 0.9291666666666667 0.044270833333333336 0.14166666666666666