14 0.34410416666666666 0.6587592592592593 0.06711458333333334 0.06191666666666667
14 0.13259375 0.6341574074074074 0.039338541666666664 0.04175925925925926
14 0.17440625 0.6328703703703704 0.03355208333333334 0.04412962962962963
14 0.25084375 0.6622314814814815 0.056109375 0.06197222222222223
14 0.5961927083333334 0.6441203703703704 0.030619791666666667 0.03825925925925926
14 0.4011927083333333 0.7072037037037037 0.20229166666666665 0.1761851851851852
10 0.7291562500000001 0.7531018518518519 0.0160625 0.0876574074074074
14 0.5620260416666666 0.7117129629629629 0.09111979166666666 0.14546296296296296
14 0.4696666666666667 0.9089074074074074 0.26786979166666663 0.18218518518518517
14 0.223953125 0.63125 0.04361458333333333 0.052675925925925925
10 0.028729166666666663 0.8755555555555555 0.026338541666666666 0.1335648148148148
14 0.7855572916666667 0.5486388888888889 0.00771875 0.008953703703703703
14 0.6533802083333333 0.5446203703703704 0.009557291666666667 0.007037037037037037
14 0.26313020833333334 0.6362685185185185 0.027822916666666666 0.03666666666666667
10 0.04796354166666667 0.8847037037037038 0.022348958333333332 0.15168518518518517