14 0.3080357142857143 0.7592592592592593 0.3005952380952381 0.48148148148148145
14 0.07886904761904762 0.1626984126984127 0.15773809523809523 0.23544973544973544
14 0.3385416666666667 0.23015873015873015 0.4568452380952381 0.24867724867724866
14 0.640625 0.5992063492063492 0.71875 0.3783068783068783
14 0.8668154761904762 0.20502645502645503 0.20684523809523808 0.18253968253968253
14 0.7700892857142857 0.19047619047619047 0.08779761904761904 0.164021164021164
14 0.6614583333333334 0.17592592592592593 0.14434523809523808 0.15079365079365079
14 0.5892857142857143 0.10978835978835978 0.13392857142857142 0.17724867724867724
14 0.4732142857142857 0.07936507936507936 0.13690476190476192 0.14814814814814814
14 0.9375 0.0873015873015873 0.125 0.14814814814814814
10 0.5037202380952381 0.5092592592592593 0.06101190476190476 0.082010582010582