14 0.15149479166666666 0.6536342592592592 0.05923958333333333 0.10726851851851851
14 0.4278385416666667 0.6126805555555556 0.03484375 0.06239814814814815
10 0.419703125 0.5625925925925926 0.007114583333333333 0.025185185185185185
14 0.5268776041666666 0.5406111111111112 0.05271354166666666 0.06085185185185185
14 0.6384765625 0.5451712962962962 0.04986979166666667 0.03849074074074074
14 0.6792916666666666 0.5211388888888889 0.007541666666666667 0.007092592592592593
10 0.6764270833333333 0.5562407407407407 0.0038958333333333336 0.02174074074074074
10 0.6606979166666667 0.5569768518518519 0.004729166666666667 0.01950925925925926
10 0.6708802083333333 0.5553564814814814 0.004260416666666667 0.021824074074074076
10 0.666765625 0.5548935185185185 0.004364583333333334 0.02089814814814815
14 0.7101770833333333 0.5583194444444445 0.03285416666666666 0.022194444444444444
14 0.728875 0.5586435185185186 0.026500000000000003 0.022842592592592595
14 0.8064479166666667 0.5447916666666667 0.025395833333333333 0.015509259259259259
14 0.7256848958333334 0.5934212962962963 0.07636979166666666 0.057212962962962965
14 0.8385286458333333 0.540875 0.019765625000000002 0.020638888888888887
14 0.8636953125000001 0.5536203703703704 0.043015625 0.03501851851851852
14 0.8968697916666667 0.5809861111111111 0.06561458333333334 0.05271296296296296
14 0.9554739583333334 0.559287037037037 0.02344791666666667 0.03153703703703704
14 0.9169010416666666 0.5398842592592593 0.03276041666666667 0.04273148148148148