10 0.8745468750000001 0.5550324074074073 0.013677083333333334 0.07673148148148148
10 0.8449192708333333 0.4637824074074074 0.008588541666666666 0.05719444444444445
10 0.8861197916666667 0.4510416666666667 0.008697916666666666 0.03726851851851852
10 0.7763619791666667 0.30641203703703707 0.012098958333333333 0.0350462962962963
14 0.16682291666666668 0.4802685185185186 0.005520833333333333 0.027203703703703702
14 0.05722395833333334 0.47643518518518513 0.030072916666666668 0.0287962962962963
14 0.2585572916666667 0.47600000000000003 0.02753125 0.03533333333333333
14 0.554734375 0.5268518518518519 0.05426041666666667 0.06296296296296296
14 0.6737994791666666 0.5548703703703703 0.08197395833333333 0.0801111111111111
14 0.8299322916666667 0.5454537037037037 0.06090625 0.1223888888888889
14 0.9108515625 0.5096898148148148 0.043578125 0.06197222222222223
8 0.5440911458333333 0.5416620370370371 0.005890625 0.0073981481481481485