14 0.6555572916666667 0.9029537037037038 0.274203125 0.1940925925925926
14 0.23330208333333333 0.6330462962962964 0.034026041666666666 0.05343518518518518
14 0.17935416666666668 0.6341574074074074 0.033838541666666666 0.04513888888888889
14 0.13807291666666668 0.6344444444444445 0.037234375 0.04053703703703704
14 0.39880208333333333 0.7202777777777778 0.19006770833333334 0.21514814814814817
14 0.7547916666666666 0.6920277777777778 0.04725 0.0763888888888889
14 0.09523958333333334 0.6317037037037038 0.036458333333333336 0.04599074074074074
10 0.10019791666666666 0.7555092592592593 0.023578125000000002 0.09060185185185185
10 0.630875 0.7914444444444444 0.022682291666666667 0.04737037037037037
10 0.01836979166666667 0.7993055555555556 0.021541666666666667 0.11633333333333333
14 0.4342760416666666 0.6470185185185185 0.057979166666666665 0.08372222222222223
14 0.5904739583333334 0.6486944444444445 0.031083333333333334 0.03869444444444444
10 0.4684427083333333 0.8279907407407407 0.021546875 0.11932407407407408