14 0.4720989583333333 0.40608796296296296 0.04523958333333333 0.09921296296296298
14 0.5088880208333334 0.393087962962963 0.03444270833333333 0.043583333333333335
14 0.5438151041666667 0.4415601851851852 0.04283854166666667 0.06275
14 0.582171875 0.43421759259259257 0.02996875 0.040657407407407406
14 0.6599687500000001 0.46482407407407406 0.0386875 0.055574074074074074
10 0.6313124999999999 0.4436203703703704 0.0063750000000000005 0.029833333333333333
10 0.6467421874999999 0.4499722222222223 0.005984375 0.03142592592592593
10 0.6832630208333333 0.4599490740740741 0.007151041666666667 0.034712962962962966
10 0.6923411458333334 0.46408796296296295 0.007598958333333333 0.030027777777777778
14 0.7708776041666667 0.4705462962962963 0.020921875 0.02627777777777778
14 0.7958307291666666 0.48801851851851846 0.020828125 0.029740740740740738
14 0.8324401041666667 0.4949768518518519 0.03571354166666666 0.032546296296296295