14 0.9705625 0.3034722222222222 0.058875000000000004 0.10401851851851852
14 0.9675104166666666 0.21812037037037035 0.027265625 0.022453703703703705
14 0.9047447916666667 0.2019351851851852 0.015786458333333333 0.025249999999999998
14 0.9072552083333334 0.3007962962962963 0.09274479166666666 0.09356481481481481
14 0.8744479166666667 0.2558240740740741 0.050046875000000005 0.021453703703703704
14 0.8473645833333333 0.2963425925925926 0.09102604166666667 0.07853703703703703
14 0.7877552083333333 0.28729629629629627 0.09589583333333333 0.07981481481481481
14 0.7250677083333333 0.28768518518518515 0.083140625 0.0678425925925926
14 0.75465625 0.2506111111111111 0.04976041666666667 0.02987037037037037
14 0.7166145833333334 0.21914814814814815 0.03871875 0.026555555555555554
14 0.7027812499999999 0.2127777777777778 0.017364583333333336 0.03164814814814815
14 0.7677708333333333 0.20016666666666666 0.027270833333333334 0.023740740740740743
14 0.7369635416666667 0.1937962962962963 0.026973958333333332 0.023740740740740743
14 0.7163958333333333 0.19341666666666665 0.028546875000000003 0.028074074074074074
14 0.6431822916666667 0.27379629629629626 0.09503125 0.07318518518518519
14 0.5910989583333334 0.27366666666666667 0.06995833333333333 0.060703703703703704
14 0.5188802083333334 0.26678703703703704 0.08486458333333333 0.05510185185185185
8 0.9686979166666667 0.3004351851851852 0.011000000000000001 0.012842592592592591
8 0.817546875 0.3140833333333333 0.009005208333333332 0.010527777777777777
8 0.8806197916666666 0.320037037037037 0.009020833333333334 0.010240740740740741
8 0.6957447916666666 0.3040648148148148 0.006229166666666667 0.008490740740740741
8 0.6051458333333334 0.2888055555555556 0.005744791666666666 0.00876851851851852
8 0.5633177083333333 0.28924074074074074 0.005078125 0.008481481481481482
8 0.4827708333333333 0.2655648148148148 0.004765625 0.008185185185185184
10 0.3970572916666667 0.37706481481481485 0.029015625 0.12345370370370372
6 0.39638541666666666 0.3327962962962963 0.006552083333333333 0.013453703703703704