14 0.802853515625 0.413390625 0.39398828125 0.5590729166666667
8 0.53259765625 0.13254427083333334 0.022226562499999998 0.019255208333333333
14 0.554884765625 0.08555208333333333 0.15586328124999999 0.17110416666666667
14 0.34209375 0.11715885416666666 0.282625 0.182234375
14 0.636248046875 0.006796875 0.027964843750000003 0.01359375
14 0.453568359375 0.018973958333333332 0.05166796875 0.037947916666666665
8 0.222259765625 0.17308333333333334 0.01014453125 0.012833333333333334
10 0.37130859374999997 0.21848177083333334 0.0738671875 0.226546875
10 0.456505859375 0.25127864583333337 0.06691796875 0.26609895833333336
6 0.43712890625 0.148796875 0.018789062500000002 0.02884375
6 0.35655468749999997 0.1284765625 0.014671875000000001 0.029869791666666666