14 0.8185820312500001 0.36207812500000003 0.36283203125 0.5047604166666667
8 0.96219921875 0.44544791666666667 0.0544921875 0.055463541666666664
5 0.78912890625 0.7320572916666667 0.15349609375 0.21525520833333334
10 0.7261953125 0.562171875 0.2348515625 0.411703125
10 0.3551171875 0.3134427083333333 0.11435546875 0.33176041666666667
10 0.3462890625 0.15834895833333332 0.06907421875 0.09730208333333333
10 0.20545703125 0.31241145833333334 0.077515625 0.27239583333333334
6 0.19548046875 0.21105729166666667 0.02072265625 0.030796875
6 0.33784765625 0.18700520833333334 0.02762890625 0.042041666666666665
6 0.34705859375000003 0.14196875 0.019953125 0.03792708333333333
6 0.6578906250000001 0.4771770833333333 0.038375 0.04114583333333333