14 0.8185820312500001 0.36207812500000003 0.36283203125 0.5047604166666667
8 0.96219921875 0.44544791666666667 0.0544921875 0.055463541666666664
5 0.48520312499999996 0.5918333333333333 0.17498828125000002 0.23361979166666666
10 0.20660546875 0.3134375 0.07828515625 0.2744427083333333
10 0.3551171875 0.3124166666666667 0.115890625 0.33176041666666667
10 0.34513671874999996 0.16091145833333334 0.0683046875 0.098328125
10 0.5205078125 0.484375 0.1964765625 0.3666354166666667
6 0.45796093750000005 0.377890625 0.033 0.03496354166666667
6 0.33477734375 0.19058333333333335 0.02762890625 0.04102083333333333
6 0.34859375 0.14298958333333334 0.01841796875 0.029739583333333333
6 0.19509375 0.20952083333333332 0.01841796875 0.03386458333333333