14 0.4736328125 0.3935546875 0.912109375 0.419921875
10 0.9794921875 0.521484375 0.029296875 0.1171875
10 0.9501953125 0.5166015625 0.017578125 0.107421875
10 0.927734375 0.5126953125 0.03125 0.119140625
10 0.8984375 0.5185546875 0.03125 0.119140625
10 0.8720703125 0.53125 0.033203125 0.140625
10 0.83203125 0.5322265625 0.0390625 0.162109375
10 0.8505859375 0.5625 0.025390625 0.1171875
10 0.7958984375 0.5029296875 0.021484375 0.107421875
10 0.73828125 0.5302734375 0.02734375 0.119140625
10 0.6357421875 0.525390625 0.041015625 0.12890625
10 0.6015625 0.533203125 0.03125 0.140625
10 0.373046875 0.515625 0.02734375 0.1015625
10 0.33203125 0.5107421875 0.01953125 0.095703125
10 0.3173828125 0.51171875 0.017578125 0.09375
14 0.4111328125 0.494140625 0.029296875 0.04296875
14 0.2392578125 0.49609375 0.037109375 0.0390625
14 0.103515625 0.494140625 0.0390625 0.0390625
14 0.201171875 0.4970703125 0.04296875 0.048828125
14 0.1708984375 0.4892578125 0.029296875 0.037109375
14 0.2763671875 0.494140625 0.029296875 0.04296875