1 0.46484375 0.2373046875 0.0859375 0.080078125
1 0.4365234375 0.857421875 0.068359375 0.0625
1 0.353515625 0.8232421875 0.0546875 0.048828125
1 0.173828125 0.826171875 0.0546875 0.05859375
1 0.0595703125 0.794921875 0.044921875 0.046875
1 0.0810546875 0.7880859375 0.044921875 0.048828125
1 0.115234375 0.740234375 0.0390625 0.04296875
1 0.140625 0.7080078125 0.0234375 0.033203125
1 0.173828125 0.736328125 0.01953125 0.0390625
1 0.19140625 0.7587890625 0.01953125 0.044921875
1 0.353515625 0.7578125 0.03125 0.046875
1 0.3525390625 0.7236328125 0.041015625 0.041015625
1 0.37890625 0.71484375 0.04296875 0.046875
1 0.419921875 0.70703125 0.03515625 0.046875
1 0.388671875 0.6865234375 0.03125 0.037109375
1 0.443359375 0.6669921875 0.03125 0.041015625
1 0.505859375 0.720703125 0.0390625 0.04296875
1 0.5869140625 0.6904296875 0.037109375 0.037109375
1 0.4873046875 0.6689453125 0.037109375 0.037109375
1 0.6455078125 0.7431640625 0.048828125 0.048828125
1 0.6630859375 0.70703125 0.033203125 0.046875
1 0.51171875 0.689453125 0.03515625 0.03515625
1 0.5126953125 0.6728515625 0.033203125 0.025390625
1 0.58984375 0.6513671875 0.02734375 0.037109375
1 0.6376953125 0.6748046875 0.033203125 0.041015625
1 0.6279296875 0.6611328125 0.029296875 0.029296875
1 0.62109375 0.640625 0.03125 0.03515625
1 0.6669921875 0.6240234375 0.021484375 0.033203125
1 0.7021484375 0.6494140625 0.029296875 0.033203125
1 0.7939453125 0.716796875 0.041015625 0.04296875
1 0.8330078125 0.693359375 0.041015625 0.046875
1 0.80859375 0.6796875 0.02734375 0.0390625
1 0.7587890625 0.638671875 0.025390625 0.0390625
1 0.7861328125 0.6357421875 0.029296875 0.044921875
1 0.8330078125 0.6103515625 0.029296875 0.037109375
1 0.9716796875 0.6298828125 0.021484375 0.037109375
1 0.94140625 0.6708984375 0.0390625 0.052734375
1 0.88671875 0.666015625 0.03515625 0.04296875
1 0.888671875 0.6318359375 0.03515625 0.037109375
1 0.9140625 0.65625 0.0390625 0.03515625
1 0.9169921875 0.6396484375 0.033203125 0.037109375
1 0.7138671875 0.671875 0.044921875 0.046875