14 0.861328125 0.5498046875 0.09765625 0.095703125
14 0.8388671875 0.5224609375 0.017578125 0.025390625
14 0.8525390625 0.5224609375 0.013671875 0.021484375
14 0.861328125 0.5185546875 0.01171875 0.021484375
14 0.8037109375 0.5166015625 0.013671875 0.021484375
14 0.7646484375 0.4951171875 0.060546875 0.037109375
14 0.494140625 0.5322265625 0.125 0.142578125
14 0.248046875 0.4951171875 0.0625 0.064453125
14 0.076171875 0.4853515625 0.046875 0.052734375
14 0.6123046875 0.529296875 0.068359375 0.0625
14 0.4765625 0.5087890625 0.0390625 0.044921875
14 0.4482421875 0.5 0.037109375 0.03515625
14 0.5380859375 0.4921875 0.041015625 0.02734375
14 0.5595703125 0.484375 0.044921875 0.03515625