14 0.6435546875 0.6962890625 0.150390625 0.306640625
14 0.4482421875 0.8359375 0.158203125 0.30859375
14 0.3212890625 0.76171875 0.126953125 0.29296875
14 0.916015625 0.3896484375 0.05859375 0.103515625
14 0.6923828125 0.3583984375 0.029296875 0.056640625
14 0.3212890625 0.326171875 0.021484375 0.046875
14 0.4189453125 0.3154296875 0.052734375 0.044921875
14 0.6015625 0.3232421875 0.03125 0.064453125
10 0.4443359375 0.693359375 0.201171875 0.515625
10 0.634765625 0.59765625 0.14453125 0.3984375
10 0.314453125 0.640625 0.16796875 0.45703125
10 0.9150390625 0.3505859375 0.060546875 0.142578125
10 0.693359375 0.31640625 0.04296875 0.09765625
10 0.6015625 0.2978515625 0.03515625 0.080078125
10 0.322265625 0.296875 0.03515625 0.0859375
10 0.41796875 0.291015625 0.04296875 0.07421875