1 0.7216796875 0.669921875 0.087890625 0.18359375
1 0.3759765625 0.69921875 0.201171875 0.1484375
1 0.42578125 0.529296875 0.1640625 0.125
1 0.1669921875 0.537109375 0.158203125 0.140625
1 0.8505859375 0.15625 0.169921875 0.14453125
1 0.3701171875 0.3837890625 0.201171875 0.123046875
1 0.224609375 0.318359375 0.171875 0.1171875
1 0.03125 0.3740234375 0.0625 0.138671875
1 0.0615234375 0.736328125 0.099609375 0.12890625
1 0.5419921875 0.8544921875 0.169921875 0.212890625
1 0.771484375 0.4375 0.0859375 0.140625
1 0.9462890625 0.5927734375 0.107421875 0.076171875
1 0.515625 0.087890625 0.109375 0.109375