14 0.3359375 0.69140625 0.44140625 0.45703125
10 0.3134765625 0.572265625 0.134765625 0.51953125
10 0.078125 0.4541015625 0.109375 0.232421875
14 0.85546875 0.400390625 0.0546875 0.0390625
14 0.94140625 0.4052734375 0.05859375 0.037109375
14 0.8017578125 0.396484375 0.037109375 0.0390625
14 0.7392578125 0.390625 0.048828125 0.04296875
14 0.69140625 0.3876953125 0.05078125 0.044921875
14 0.59765625 0.38671875 0.05078125 0.04296875
14 0.5546875 0.3857421875 0.0390625 0.044921875
14 0.6455078125 0.3935546875 0.044921875 0.041015625
14 0.5126953125 0.3828125 0.044921875 0.0390625