14 0.3212890625 0.6015625 0.275390625 0.21875
14 0.7666015625 0.697265625 0.466796875 0.4921875
14 0.6337890625 0.5439453125 0.251953125 0.169921875
14 0.4873046875 0.50390625 0.142578125 0.0859375
14 0.80078125 0.44921875 0.10546875 0.07421875
14 0.2099609375 0.546875 0.052734375 0.078125
14 0.9365234375 0.4306640625 0.126953125 0.072265625
14 0.5283203125 0.482421875 0.091796875 0.0703125
14 0.0205078125 0.5712890625 0.033203125 0.076171875
14 0.234375 0.505859375 0.0859375 0.0625
14 0.275390625 0.46875 0.1875 0.10546875