14 0.673828125 0.6923828125 0.43359375 0.361328125
14 0.310546875 0.5986328125 0.09765625 0.072265625
14 0.22265625 0.5947265625 0.07421875 0.068359375
14 0.4541015625 0.607421875 0.083984375 0.08203125
14 0.9267578125 0.6220703125 0.142578125 0.103515625
14 0.8857421875 0.6279296875 0.166015625 0.095703125
10 0.7099609375 0.587890625 0.216796875 0.57421875
10 0.4521484375 0.6181640625 0.029296875 0.087890625
10 0.05859375 0.59375 0.02734375 0.109375
10 0.0732421875 0.6005859375 0.029296875 0.099609375
10 0.0947265625 0.5810546875 0.025390625 0.072265625
14 0.373046875 0.5908203125 0.046875 0.044921875