10 0.39505208333333336 0.39675925925925926 0.016145833333333335 0.05462962962962963
10 0.9695963541666667 0.5306203703703705 0.025651041666666666 0.05198148148148148
14 0.5008281250000001 0.25381944444444443 0.01103125 0.02060185185185185
14 0.5903697916666667 0.4746203703703704 0.09323958333333333 0.12701851851851853
14 0.188765625 0.41574074074074074 0.05148958333333333 0.1111111111111111
10 0.04629166666666666 0.3023888888888889 0.0040416666666666665 0.02885185185185185
14 0.32924479166666665 0.2577453703703704 0.011614583333333334 0.019194444444444445
14 0.7931536458333334 0.2888009259259259 0.032140625 0.046120370370370374
14 0.8184895833333333 0.29088425925925926 0.025520833333333333 0.018805555555555555
10 0.9766276041666667 0.5131388888888889 0.012630208333333334 0.03183333333333334
10 0.9471770833333333 0.5368842592592593 0.019354166666666665 0.08487962962962962