14 0.4237916666666666 0.2840185185185185 0.048625 0.02914814814814815
10 0.8787369791666666 0.29463425925925923 0.005390625 0.02815740740740741
10 0.8012604166666667 0.3812129629629629 0.010854166666666666 0.04761111111111111
10 0.8721145833333334 0.2934953703703704 0.004645833333333333 0.029583333333333333
10 0.8872760416666666 0.2956990740740741 0.004760416666666667 0.028435185185185185
14 0.3381796875 0.29280092592592594 0.04719270833333333 0.0300462962962963
10 0.8641119791666667 0.3652361111111111 0.010515625 0.03602777777777778
14 0.28567708333333336 0.29236574074074073 0.04114583333333333 0.04028703703703704
10 0.8199453125 0.3863055555555555 0.016973958333333334 0.07075925925925926
14 0.18676562500000002 0.8248657407407407 0.26519791666666664 0.3497314814814815
14 0.3491458333333333 0.2581527777777778 0.014958333333333332 0.012601851851851852
14 0.4841171875 0.2771388888888889 0.023442708333333333 0.0302037037037037
10 0.6924479166666667 0.272875 0.0036458333333333334 0.006861111111111111
10 0.70696875 0.27864351851851854 0.0076875 0.01099074074074074
14 0.7525833333333334 0.27481481481481485 0.024958333333333336 0.03666666666666667