10 0.7433984375 0.7348240740740741 0.033671875000000004 0.1640925925925926
10 0.7560572916666667 0.552236111111111 0.01628125 0.10076851851851852
10 0.4801067708333333 0.6733518518518519 0.03521354166666667 0.12633333333333333
14 0.3746041666666667 0.5402777777777777 0.06899999999999999 0.10833333333333334
14 0.40182291666666664 0.425 0.021354166666666667 0.044444444444444446
14 0.20476562499999998 0.5527361111111111 0.08244791666666668 0.08880555555555555
10 0.6053776041666666 0.5659259259259259 0.030546874999999998 0.08370370370370371
14 0.6079947916666666 0.36960185185185185 0.025364583333333336 0.03364814814814815
14 0.659578125 0.3480509259259259 0.03373958333333334 0.057212962962962965
14 0.7019661458333334 0.33111574074074074 0.010182291666666668 0.015935185185185188
10 0.5786874999999999 0.43147685185185186 0.011541666666666667 0.049990740740740745
14 0.41642708333333334 0.47618055555555555 0.09431250000000001 0.044953703703703704