14 0.12816145833333334 0.30787037037037035 0.047989583333333335 0.04537037037037037
14 0.47108072916666666 0.3542268518518519 0.174453125 0.11586111111111111
14 0.2549166666666667 0.2767546296296296 0.039 0.02758333333333333
14 0.8966145833333333 0.6509259259259259 0.20677083333333332 0.24814814814814815
14 0.9544739583333333 0.41183333333333333 0.09019791666666667 0.060703703703703704
14 0.5350807291666667 0.6894120370370371 0.38370312500000003 0.3806759259259259
14 0.19034374999999998 0.2931574074074074 0.0369375 0.028907407407407406
14 0.5539739583333334 0.4973981481481482 0.14440624999999999 0.1910925925925926
10 0.41817447916666667 0.4781435185185185 0.020723958333333334 0.04702777777777778
14 0.8126666666666666 0.27188425925925924 0.03679166666666667 0.05117592592592593
14 0.7673567708333333 0.2677407407407408 0.04096354166666667 0.04474074074074074