14 0.12383333333333332 0.5096064814814815 0.065375 0.10625
14 0.42215624999999996 0.38760185185185186 0.07347916666666668 0.052981481481481484
14 0.8525729166666667 0.3322453703703704 0.0530625 0.03671296296296296
14 0.9760416666666667 0.3902777777777778 0.04791666666666667 0.09351851851851851
14 0.4070390625 0.5088703703703704 0.15678645833333332 0.18811111111111112
14 0.2245390625 0.5847129629629629 0.130328125 0.19164814814814815
10 0.9130286458333334 0.3796435185185185 0.009390625000000001 0.053731481481481484
14 0.8722083333333334 0.31797222222222227 0.01941666666666667 0.03038888888888889
14 0.6272552083333333 0.4365879629629629 0.13367708333333334 0.1398425925925926
14 0.5814635416666667 0.46717129629629633 0.12230208333333333 0.13249074074074074
14 0.503953125 0.4822592592592593 0.14019791666666667 0.15711111111111112