10 0.66653125 0.5619212962962963 0.04972916666666667 0.11828703703703704
14 0.12830989583333333 0.3062824074074074 0.049328124999999994 0.0440462962962963
14 0.25513281250000003 0.27579166666666666 0.03943229166666666 0.029361111111111112
14 0.190625 0.2940462962962963 0.0375 0.030685185185185187
14 0.9030520833333334 0.6548703703703703 0.1936041666666667 0.24862962962962962
14 0.5527734375000001 0.5064583333333333 0.139921875 0.20921296296296296
10 0.7263567708333334 0.555699074074074 0.029796875 0.08176851851851852
14 0.46979166666666666 0.354375 0.16979166666666667 0.11800925925925926
14 0.76825 0.2668009259259259 0.03754166666666667 0.04471296296296296
14 0.8128151041666667 0.2711712962962963 0.03708854166666666 0.049749999999999996
14 0.95703125 0.4064814814814815 0.0859375 0.06481481481481481