14 0.9550963541666667 0.15753703703703703 0.045609374999999994 0.048407407407407406
14 0.827296875 0.20729166666666668 0.08063541666666667 0.07199074074074074
14 0.7128255208333333 0.1954537037037037 0.06627604166666666 0.061277777777777785
14 0.8899166666666667 0.21666666666666667 0.06420833333333334 0.07777777777777778
14 0.6350416666666666 0.23765740740740743 0.08258333333333333 0.08087037037037037
14 0.5605442708333332 0.2598287037037037 0.07213020833333333 0.06595370370370371
14 0.535515625 0.32999074074074075 0.11998958333333333 0.09887037037037037
14 0.9900677083333334 0.17294444444444446 0.01971875 0.051444444444444445
14 0.8101484375 0.16499999999999998 0.06925520833333333 0.04666666666666667
10 0.8686614583333333 0.17087962962962963 0.00815625 0.043611111111111114
10 0.9085026041666667 0.1597175925925926 0.0076302083333333335 0.02499074074074074
14 0.6117838541666667 0.20762962962962964 0.048567708333333334 0.04303703703703703
14 0.52121875 0.27558796296296295 0.051812500000000004 0.04006481481481482