14 0.36210156250000003 0.4130740740740741 0.03461979166666666 0.03540740740740741
14 0.5353802083333333 0.40614814814814815 0.024927083333333332 0.030814814814814816
14 0.23414583333333333 0.42030092592592594 0.03808333333333334 0.03689814814814815
14 0.5648567708333334 0.4093703703703704 0.020338541666666664 0.026148148148148146
14 0.36733333333333335 0.39478703703703705 0.028416666666666666 0.021055555555555553
14 0.32159895833333335 0.399125 0.02653125 0.033435185185185186
14 0.23789322916666666 0.39210648148148153 0.02891145833333333 0.024953703703703704
14 0.20659114583333332 0.3970046296296296 0.026723958333333336 0.029194444444444446
14 0.18486458333333333 0.3982824074074074 0.0249375 0.026194444444444444
14 0.511625 0.40022222222222226 0.012833333333333334 0.01711111111111111
14 0.7433541666666666 0.43395370370370373 0.044000000000000004 0.043833333333333335
10 0.33850781249999995 0.47945370370370366 0.012432291666666668 0.057055555555555554
10 0.2527760416666667 0.45578703703703705 0.00659375 0.03935185185185185
10 0.24014583333333334 0.46212962962962967 0.008416666666666666 0.04462962962962963
10 0.2249921875 0.4690509259259259 0.008317708333333333 0.04736111111111111
10 0.22139322916666665 0.46172685185185186 0.008411458333333333 0.04752777777777777
10 0.21159895833333334 0.4711666666666667 0.00965625 0.04974074074074074
10 0.17647135416666665 0.4731898148148148 0.010234374999999999 0.050083333333333334
10 0.14044270833333333 0.4827175925925926 0.011093750000000001 0.052472222222222226
10 0.12987239583333332 0.479875 0.008703125 0.056046296296296295