14 0.6815 0.7189814814814814 0.13799999999999998 0.20462962962962963
14 0.18541666666666667 0.862037037037037 0.2604166666666667 0.2759259259259259
14 0.29651562499999995 0.63875 0.09094791666666667 0.1386111111111111
14 0.5503723958333333 0.5231481481481481 0.06741145833333334 0.07777777777777778
14 0.47025 0.5748055555555556 0.10925 0.11257407407407408
14 0.2588359375 0.5257638888888889 0.035380208333333336 0.0700462962962963
10 0.32369791666666664 0.5555555555555556 0.011979166666666667 0.04814814814814815
10 0.3808958333333334 0.5097222222222222 0.010750000000000001 0.06944444444444445
10 0.40904427083333333 0.4835046296296296 0.008713541666666666 0.05589814814814815
10 0.40285156250000004 0.5491527777777778 0.007786458333333333 0.06497222222222222
14 0.39395572916666666 0.4562453703703704 0.10874479166666666 0.06989814814814814
10 0.45271354166666666 0.5484305555555555 0.013760416666666667 0.024638888888888887