14 0.12830989583333333 0.3062824074074074 0.049328124999999994 0.0440462962962963
14 0.25513281250000003 0.27579166666666666 0.03943229166666666 0.029361111111111112
14 0.190625 0.2940462962962963 0.0375 0.030685185185185187
14 0.9030520833333334 0.6548703703703703 0.1936041666666667 0.24862962962962962
14 0.5527734375000001 0.5064583333333333 0.139921875 0.20921296296296296
14 0.46979166666666666 0.354375 0.16979166666666667 0.11800925925925926
14 0.76825 0.2668009259259259 0.03754166666666667 0.04471296296296296
14 0.8128151041666667 0.2711712962962963 0.03708854166666666 0.049749999999999996
14 0.9569375 0.40649537037037037 0.08574999999999999 0.06484259259259259
14 0.030463541666666667 0.5037685185185184 0.06092708333333333 0.15198148148148147
10 0.35380729166666663 0.3523611111111111 0.015947916666666666 0.026944444444444444
14 0.31001822916666666 0.3889768518518519 0.13357812500000002 0.09276851851851851
10 0.8498359375 0.5595555555555556 0.025713541666666666 0.04318518518518519
10 0.641625 0.5131851851851852 0.02804166666666667 0.07266666666666667
14 0.5880624999999999 0.7414537037037037 0.18445833333333334 0.28661111111111115