14 0.4814739583333333 0.24453240740740742 0.032739583333333336 0.04647222222222222
14 0.46311458333333333 0.2241388888888889 0.0345625 0.026055555555555557
10 0.44169791666666663 0.2590509259259259 0.005270833333333333 0.029212962962962965
14 0.34059375000000003 0.2621574074074074 0.03222916666666667 0.02987037037037037
14 0.0067708333333333336 0.44956018518518515 0.013541666666666667 0.023194444444444445
10 0.4358020833333333 0.25843055555555555 0.0059791666666666665 0.02426851851851852
14 0.09905729166666667 0.3878564814814815 0.04290625 0.06460185185185185
14 0.03864322916666666 0.4178564814814815 0.030411458333333332 0.030157407407407407
14 0.9241510416666666 0.13844444444444445 0.020177083333333335 0.015777777777777776
10 0.4317942708333333 0.23372685185185185 0.004213541666666667 0.017453703703703704
10 0.428515625 0.23525 0.00390625 0.016796296296296295
10 0.4287473958333334 0.2574212962962963 0.0064531250000000005 0.016694444444444446
14 0.31505729166666663 0.2801296296296297 0.02178125 0.04174074074074074
14 0.21121614583333334 0.3168009259259259 0.024515625 0.018787037037037036