10 0.28479166666666667 0.3846296296296296 0.013333333333333334 0.05814814814814814
10 0.43921875 0.3023194444444444 0.013854166666666667 0.04908333333333333
10 0.24958333333333332 0.3839861111111111 0.011666666666666665 0.0494537037037037
10 0.3834401041666667 0.3187083333333333 0.011671875 0.048527777777777774
14 0.5694244791666667 0.2802268518518518 0.08051562500000001 0.07526851851851853
10 0.12890625 0.39675925925925926 0.0078125 0.03611111111111111
14 0.09979687500000001 0.38760648148148147 0.04230208333333333 0.06225000000000001
10 0.10905989583333334 0.39018055555555553 0.006661458333333333 0.024805555555555556
14 0.23498958333333334 0.3270416666666667 0.042895833333333334 0.06519444444444444
14 0.00703125 0.45 0.0140625 0.024074074074074074
14 0.9174270833333333 0.13949999999999999 0.015062500000000001 0.017888888888888888
14 0.987359375 0.13487037037037036 0.009093750000000001 0.017888888888888888