14 0.6287187500000001 0.28959722222222223 0.025145833333333333 0.03660185185185185
14 0.6326536458333333 0.2704861111111111 0.022598958333333332 0.04282407407407408
10 0.6454375 0.2895092592592593 0.006500000000000001 0.03272222222222222
14 0.6816666666666666 0.2765694444444444 0.020625 0.03462037037037037
10 0.7208098958333333 0.27876388888888887 0.005161458333333333 0.02234259259259259
14 0.226671875 0.27641203703703704 0.03563541666666667 0.02875
10 0.7313854166666667 0.2750231481481481 0.005479166666666666 0.018564814814814815
10 0.7166432291666667 0.27572685185185186 0.004119791666666667 0.01997222222222222
14 0.2868984375 0.2669722222222222 0.011296875000000001 0.015425925925925926
14 0.7723645833333334 0.26672685185185185 0.013479166666666665 0.03160185185185185
14 0.6566015625 0.2463888888888889 0.007994791666666666 0.0187037037037037
10 0.6313880208333333 0.29262037037037036 0.005484375 0.029685185185185186
14 0.4068802083333333 0.25384259259259256 0.010635416666666668 0.015092592592592593
14 0.20480729166666667 0.28121759259259255 0.012739583333333334 0.01799074074074074