14 0.05215625 0.6130185185185185 0.1043125 0.11122222222222222
10 0.37139062500000003 0.5397685185185186 0.01153125 0.05731481481481481
10 0.40820052083333336 0.5603703703703704 0.016401041666666664 0.06888888888888889
10 0.4866901041666667 0.5749861111111111 0.011921875 0.07589814814814815
10 0.4979557291666667 0.5741898148148148 0.01778645833333333 0.08726851851851852
10 0.510609375 0.5696388888888889 0.01496875 0.08372222222222223
10 0.5690182291666667 0.5457037037037037 0.011994791666666667 0.08214814814814815
14 0.6181354166666666 0.45540740740740737 0.03210416666666667 0.04044444444444444
14 0.6853802083333334 0.43516203703703704 0.031177083333333334 0.04625
14 0.7169114583333334 0.4648148148148148 0.024447916666666666 0.05
14 0.6707369791666667 0.5389305555555555 0.155015625 0.12230555555555556
14 0.9408020833333333 0.5512453703703704 0.1180625 0.10063888888888889
14 0.9821197916666667 0.43150925925925926 0.028822916666666667 0.04635185185185185
14 0.6707135416666666 0.39951851851851855 0.04976041666666667 0.03607407407407408
14 0.5912317708333333 0.4317361111111111 0.022046875 0.02273148148148148