14 0.14453385416666667 0.43943518518518515 0.06094270833333334 0.041833333333333333
14 0.36801822916666665 0.3975185185185185 0.023536458333333333 0.026518518518518518
14 0.25508333333333333 0.4166527777777778 0.02475 0.033305555555555554
14 0.23620572916666666 0.39222222222222225 0.028661458333333334 0.025185185185185185
14 0.5350911458333333 0.405375 0.021223958333333334 0.03112037037037037
14 0.5635390625 0.40970833333333334 0.020828125 0.021268518518518516
14 0.7453802083333334 0.4315 0.04388541666666667 0.040777777777777774
14 0.6221302083333333 0.4018935185185185 0.021343749999999998 0.02600925925925926
10 0.2774244791666666 0.41537962962962965 0.004848958333333334 0.028907407407407406
10 0.28746354166666666 0.4187638888888889 0.0030520833333333333 0.02086111111111111
10 0.36501302083333337 0.41334722222222225 0.003984375 0.028546296296296295
10 0.32770312500000004 0.41512037037037036 0.0033229166666666667 0.026537037037037036
14 0.3211822916666666 0.39378240740740744 0.014239583333333333 0.028305555555555556
14 0.3484166666666667 0.39596759259259257 0.012458333333333333 0.01786111111111111