14 0.12816145833333334 0.30787037037037035 0.047989583333333335 0.04537037037037037
14 0.47108072916666666 0.3542268518518519 0.174453125 0.11586111111111111
14 0.2549166666666667 0.2767546296296296 0.039 0.02758333333333333
14 0.9677083333333333 0.6092592592592593 0.06458333333333334 0.1648148148148148
14 0.9549479166666667 0.4337962962962963 0.09010416666666667 0.11944444444444445
14 0.5350807291666667 0.6894120370370371 0.38370312500000003 0.3806759259259259
14 0.19034374999999998 0.2931574074074074 0.0369375 0.028907407407407406
14 0.5649114583333333 0.500175925925926 0.14440624999999999 0.1910925925925926
14 0.8126666666666666 0.27188425925925924 0.03679166666666667 0.05117592592592593
14 0.7673567708333333 0.2677407407407408 0.04096354166666667 0.04474074074074074
10 0.5696328125 0.46011111111111114 0.019473958333333333 0.049851851851851856
14 0.508546875 0.309462962962963 0.11813541666666666 0.0855925925925926