14 0.3980520833333333 0.26661111111111113 0.04610416666666666 0.031370370370370375
14 0.626375 0.22157870370370372 0.029833333333333333 0.039453703703703706
10 0.9337552083333333 0.7160231481481482 0.05917708333333334 0.2746388888888889
14 0.41198697916666666 0.5433981481481481 0.3864739583333333 0.4145740740740741
10 0.5430234375 0.24537037037037038 0.006880208333333334 0.03148148148148148
14 0.7557942708333333 0.27016666666666667 0.13138020833333333 0.06625925925925927
14 0.5669270833333333 0.8736111111111111 0.29739583333333336 0.25277777777777777
14 0.06746875 0.41653240740740743 0.0411875 0.038620370370370374
10 0.7390807291666667 0.6801805555555556 0.05524479166666666 0.22517592592592592
14 0.6163619791666667 0.45387500000000003 0.24105729166666665 0.3614537037037037
14 0.026151041666666666 0.44934722222222223 0.04396875 0.03943518518518519