14 0.36575520833333336 0.4130740740740741 0.02734375 0.03540740740740741
14 0.5360598958333332 0.40614814814814815 0.023161458333333333 0.030814814814814816
14 0.6518463541666667 0.4036157407407407 0.02140104166666667 0.020194444444444442
10 0.060484375 0.4604907407407407 0.006385416666666667 0.04505555555555555
14 0.23414583333333333 0.42030092592592594 0.03808333333333334 0.03689814814814815
14 0.5648567708333334 0.4093703703703704 0.020338541666666664 0.026148148148148146
14 0.6120182291666667 0.39333333333333337 0.019869791666666668 0.02
14 0.36733333333333335 0.39478703703703705 0.028416666666666666 0.021055555555555553
14 0.32159895833333335 0.399125 0.02653125 0.033435185185185186
14 0.23789322916666666 0.39210648148148153 0.02891145833333333 0.024953703703703704
14 0.20659114583333332 0.3970046296296296 0.026723958333333336 0.029194444444444446
14 0.18486458333333333 0.3982824074074074 0.0249375 0.026194444444444444
10 0.0541953125 0.4639537037037037 0.009432291666666667 0.04087037037037037
10 0.0046171875 0.4584351851851852 0.007151041666666667 0.035388888888888886
10 0.009648437499999999 0.47118055555555555 0.0057552083333333335 0.03680555555555556