14 0.4473046875 0.2092037037037037 0.05294270833333334 0.040629629629629634
10 0.8631432291666666 0.22018055555555557 0.008578124999999999 0.05702777777777778
10 0.9255052083333334 0.25775925925925924 0.01246875 0.08403703703703704
10 0.9245703125 0.21029166666666668 0.007473958333333333 0.035398148148148144
14 0.34709375 0.27356018518518516 0.0348125 0.02489814814814815
14 0.9055442708333333 0.2041388888888889 0.09963020833333333 0.07124074074074074
14 0.012919270833333333 0.41430092592592593 0.025838541666666666 0.03415740740740741
14 0.5631171875 0.1578101851851852 0.009567708333333334 0.017472222222222222
14 0.6398645833333333 0.13945370370370372 0.0161875 0.019648148148148147
14 0.7200286458333333 0.12081944444444445 0.07755729166666667 0.03793518518518518
14 0.7809869791666666 0.11008796296296296 0.015098958333333332 0.018324074074074072