14 0.05131770833333334 0.616462962962963 0.10263541666666667 0.10144444444444445
10 0.44878124999999996 0.5807592592592593 0.0225625 0.07633333333333334
10 0.43566927083333334 0.5598888888888889 0.007796875 0.06607407407407408
10 0.5300052083333333 0.5341527777777778 0.011052083333333332 0.033120370370370376
10 0.5557239583333333 0.5597916666666667 0.014572916666666666 0.0751388888888889
14 0.6838697916666666 0.43130092592592595 0.026072916666666668 0.040379629629629626
14 0.6700390625 0.5385972222222222 0.155703125 0.11978703703703704
14 0.9411458333333333 0.5513888888888889 0.11770833333333333 0.10092592592592593
14 0.9824348958333334 0.43287037037037035 0.029453125 0.04722222222222222
14 0.5806979166666667 0.4361064814814815 0.02285416666666667 0.03702777777777778
14 0.6184609375 0.44735648148148144 0.032755208333333334 0.028046296296296295
14 0.6714375 0.3988055555555555 0.04704166666666666 0.03464814814814815
10 0.7326197916666667 0.5083240740740741 0.011072916666666667 0.022203703703703705
14 0.19587760416666666 0.5880972222222222 0.057380208333333335 0.06508333333333334