14 0.10738281250000001 0.6300972222222222 0.09289062499999999 0.07130555555555557
14 0.686296875 0.4287916666666667 0.02363541666666667 0.03536111111111111
14 0.7361171875 0.49477314814814816 0.049317708333333335 0.07473148148148148
14 0.6870520833333333 0.49953703703703706 0.0543125 0.08981481481481482
10 0.15625 0.5160324074074074 0.008333333333333333 0.03762037037037037
10 0.5409583333333334 0.48541203703703706 0.010041666666666667 0.05045370370370371
10 0.32547135416666667 0.4643101851851852 0.005109375 0.026768518518518518
14 0.7164921875 0.4250787037037037 0.020484375 0.03719444444444445
14 0.462359375 0.655787037037037 0.09867708333333333 0.15046296296296297
10 0.3333333333333333 0.4649537037037037 0.005208333333333333 0.029907407407407403
14 0.5440260416666667 0.41989814814814813 0.013052083333333332 0.028685185185185185
10 0.3408072916666667 0.46399074074074076 0.005572916666666666 0.031685185185185184
10 0.30506770833333335 0.4663657407407408 0.003885416666666667 0.02902777777777778
14 0.2714635416666667 0.4653472222222222 0.05334375 0.05662037037037037
14 0.2494765625 0.5078981481481482 0.016661458333333334 0.05098148148148148