14 0.7003541666666667 0.2937268518518519 0.08716666666666667 0.08560185185185186
14 0.09387239583333334 0.3965138888888889 0.033578125 0.02821296296296296
14 0.7712317708333334 0.2789861111111111 0.09558854166666667 0.08574999999999999
10 0.26565625 0.36324537037037036 0.010479166666666668 0.039453703703703706
14 0.27508854166666663 0.34617592592592594 0.04184375 0.05346296296296296
10 0.2328125 0.3576944444444444 0.010416666666666666 0.035759259259259255
14 0.5979296875000001 0.2225925925925926 0.02919270833333333 0.03777777777777778
10 0.4511041666666667 0.26325 0.0063750000000000005 0.03205555555555555
14 0.22152864583333332 0.35260185185185183 0.05034895833333333 0.07927777777777778
14 0.0280625 0.4469120370370371 0.03945833333333334 0.03641666666666667
14 0.5332890625 0.23106944444444444 0.03428645833333333 0.05843518518518519
10 0.260140625 0.36377314814814815 0.006739583333333333 0.04236111111111111
14 0.07249739583333333 0.4156018518518519 0.029369791666666666 0.03305555555555556