14 0.1981796875 0.424875 0.032817708333333334 0.03493518518518518
10 0.32314062499999996 0.44698611111111114 0.00565625 0.04767592592592593
10 0.3056979166666667 0.4403287037037037 0.007229166666666667 0.030657407407407408
14 0.3627578125 0.42310185185185184 0.021348958333333334 0.04064814814814815
14 0.3475260416666667 0.39513425925925927 0.01484375 0.029157407407407406
14 0.14453385416666667 0.4197824074074074 0.031776041666666664 0.03586111111111111
14 0.2709505208333333 0.41302314814814817 0.027317708333333336 0.029750000000000002
14 0.503796875 0.3995138888888889 0.010718749999999999 0.010138888888888888
10 0.46992968749999997 0.4032453703703704 0.004442708333333333 0.021305555555555557
14 0.5375338541666667 0.40076388888888886 0.01777604166666667 0.02375
14 0.5599322916666666 0.4039537037037037 0.01882291666666667 0.028277777777777777
14 0.5244583333333334 0.4068009259259259 0.021833333333333333 0.03212037037037037
14 0.32866666666666666 0.3962546296296296 0.010458333333333332 0.027694444444444445
14 0.3143125 0.399337962962963 0.02654166666666667 0.03386111111111111
14 0.24024218749999998 0.4006388888888889 0.019026041666666667 0.021648148148148146