14 0.8063281250000001 0.5840879629629631 0.21682291666666667 0.1496574074074074
14 0.4711692708333333 0.30416666666666664 0.04650520833333334 0.05648148148148148
14 0.6200260416666666 0.5045972222222223 0.11192708333333333 0.18512037037037038
14 0.2811432291666666 0.4204814814814815 0.138328125 0.15392592592592594
14 0.8387552083333334 0.3036203703703704 0.07021875 0.031314814814814816
14 0.7360755208333334 0.31484259259259256 0.033609375000000004 0.02598148148148148
14 0.6804062500000001 0.30386574074074074 0.03685416666666667 0.03921296296296296
10 0.7581067708333333 0.3830972222222222 0.016213541666666668 0.06063888888888888
10 0.7709635416666667 0.4056712962962963 0.012760416666666666 0.08356481481481481
10 0.48473958333333333 0.4243564814814815 0.026770833333333334 0.05612037037037037
10 0.48370833333333335 0.4740740740740741 0.029916666666666664 0.08518518518518518
14 0.45383072916666667 0.4919212962962963 0.08891145833333333 0.15791666666666668