14 0.0519609375 0.6143472222222223 0.103921875 0.0953611111111111
10 0.0081484375 0.6241805555555555 0.010046875 0.02613888888888889
14 0.04288020833333333 0.6270787037037037 0.08367708333333333 0.05971296296296296
10 0.27902083333333333 0.5807592592592593 0.018458333333333334 0.05411111111111111
14 0.38721875 0.6676851851851852 0.25152083333333336 0.15574074074074074
14 0.4854817708333333 0.5501296296296296 0.141796875 0.11137037037037037
14 0.6125390625 0.4573935185185185 0.043828125 0.04441666666666667
14 0.6847265625 0.43774537037037037 0.029869791666666666 0.04956481481481482
14 0.7172734374999999 0.46703703703703703 0.024130208333333333 0.05444444444444444
14 0.9811875000000001 0.43527314814814816 0.031125 0.048324074074074075
14 0.6718203125 0.4 0.04884895833333334 0.037037037037037035
14 0.04791666666666667 0.6934166666666667 0.09583333333333334 0.11831481481481482
14 0.5899765625000001 0.4416851851851852 0.027869791666666664 0.04262962962962963