14 0.31301822916666666 0.46194444444444444 0.04166145833333333 0.029444444444444447
14 0.11095833333333334 0.6277777777777778 0.08754166666666667 0.07407407407407407
14 0.3543723958333333 0.47379629629629627 0.03374479166666667 0.04574074074074074
10 0.3834427083333333 0.5900972222222222 0.017927083333333333 0.08760185185185185
10 0.40979166666666667 0.5813009259259259 0.016458333333333335 0.08112037037037037
14 0.9579661458333334 0.5466527777777778 0.083640625 0.10626851851851851
14 0.98984375 0.43657407407407406 0.0203125 0.041666666666666664
14 0.34678125000000004 0.448162037037037 0.019604166666666666 0.03521296296296297
14 0.4151927083333333 0.4413842592592592 0.028302083333333335 0.025361111111111112
14 0.953015625 0.4023611111111111 0.032072916666666666 0.025092592592592593
14 0.6763437499999999 0.3980416666666667 0.029770833333333333 0.029416666666666667