10 0.522296875 0.5015648148148149 0.015427083333333334 0.07164814814814814
14 0.18797395833333333 0.5818194444444444 0.09157291666666666 0.09512037037037037
14 0.6879244791666667 0.6371296296296296 0.120640625 0.35574074074074075
10 0.8504817708333333 0.44787037037037036 0.014505208333333333 0.06796296296296298
10 0.5939713541666667 0.606074074074074 0.027526041666666667 0.10844444444444445
14 0.3980677083333333 0.4350601851851852 0.025302083333333333 0.049749999999999996
10 0.6258802083333334 0.5894814814814815 0.015302083333333332 0.10859259259259259
10 0.600140625 0.5841712962962963 0.01590625 0.10537962962962963
14 0.5745234375 0.4348703703703704 0.05321354166666667 0.04566666666666667
14 0.5871875000000001 0.3862407407407407 0.025416666666666664 0.03359259259259259
10 0.7052395833333333 0.40588425925925925 0.010479166666666668 0.05250925925925926