14 0.21649479166666666 0.8076064814814815 0.2392395833333333 0.25780555555555557
14 0.5004947916666667 0.5317268518518519 0.07807291666666667 0.08752777777777777
10 0.41906770833333334 0.44419444444444445 0.01521875 0.062462962962962956
14 0.6769557291666667 0.4076712962962963 0.12266145833333333 0.06163888888888888
10 0.37805208333333334 0.49923611111111105 0.010270833333333333 0.04106481481481482
14 0.7415416666666667 0.4236157407407407 0.04558333333333333 0.04537962962962963
14 0.6322057291666667 0.43111574074074077 0.03941145833333334 0.05667592592592593
14 0.18656510416666666 0.515412037037037 0.04500520833333333 0.06971296296296296
14 0.26133072916666666 0.5100416666666667 0.03203645833333333 0.08860185185185185
10 0.3286119791666666 0.5202777777777777 0.007223958333333333 0.029444444444444447
10 0.3573854166666666 0.48582407407407413 0.010604166666666666 0.03461111111111111
14 0.41891927083333336 0.4397175925925926 0.10242187500000001 0.09795370370370371
14 0.831796875 0.42306481481481484 0.06567708333333333 0.049833333333333334