14 0.8059921875 0.5840787037037037 0.21719270833333332 0.1533425925925926
14 0.47212760416666666 0.3028564814814815 0.04633854166666666 0.055712962962962964
14 0.6198463541666667 0.5061203703703704 0.112609375 0.18631481481481482
14 0.7358020833333333 0.3143518518518518 0.0330625 0.025
14 0.8385416666666666 0.3035 0.06979166666666667 0.03292592592592593
14 0.6804791666666666 0.30432870370370374 0.035958333333333335 0.038287037037037036
10 0.56146875 0.2910185185185185 0.009395833333333332 0.03944444444444445
14 0.600078125 0.2731805555555556 0.025156249999999998 0.051916666666666667
14 0.7292734375 0.4137824074074074 0.055421874999999995 0.1164537037037037
10 0.7563411458333333 0.30824537037037036 0.009557291666666667 0.03500925925925926
10 0.7095572916666666 0.30483333333333335 0.009739583333333333 0.04114814814814815
10 0.7426796875 0.2968796296296296 0.006192708333333334 0.015981481481481482