14 0.05130208333333333 0.6129629629629629 0.10260416666666666 0.09444444444444444
14 0.046614583333333334 0.6898148148148148 0.09322916666666667 0.12222222222222222
14 0.40094531250000004 0.6634027777777778 0.22584895833333332 0.14902777777777776
14 0.4856171875 0.5479953703703704 0.14206770833333332 0.11265740740740741
14 0.6131640625 0.45357870370370373 0.041953125 0.04419444444444444
14 0.6846041666666667 0.4363425925925926 0.02754166666666667 0.04861111111111111
14 0.7175677083333334 0.4665185185185185 0.02471875 0.051555555555555556
14 0.9832786458333334 0.43310185185185185 0.03009895833333333 0.04953703703703704
10 0.23982552083333336 0.4774722222222222 0.04527604166666667 0.03642592592592593
14 0.5892057291666667 0.43957407407407406 0.027369791666666664 0.042111111111111106
14 0.6714739583333333 0.39905092592592595 0.046072916666666665 0.03699074074074074