10 0.025984375 0.482962962962963 0.011343750000000001 0.051111111111111114
10 0.004682291666666667 0.5106342592592593 0.009364583333333334 0.036083333333333335
14 0.07444270833333334 0.3937083333333333 0.029093749999999998 0.03186111111111111
10 0.007867187500000001 0.45908796296296295 0.010526041666666668 0.03113888888888889
14 0.7774557291666666 0.17093981481481482 0.023661458333333333 0.03447222222222222
14 0.7370468750000001 0.16019907407407405 0.04701041666666667 0.03521296296296297
14 0.6216354166666667 0.18062962962962964 0.028687499999999998 0.02051851851851852
14 0.4330104166666667 0.2371157407407407 0.016020833333333335 0.02237962962962963
14 0.3578619791666667 0.2518888888888889 0.03968229166666667 0.042666666666666665
14 0.2751354166666667 0.2976435185185185 0.05339583333333333 0.04713888888888888
14 0.1481015625 0.3534907407407407 0.07328645833333333 0.08661111111111111
10 0.03095052083333333 0.4149814814814815 0.005651041666666666 0.020703703703703703
10 0.0175703125 0.44814814814814813 0.007015625 0.027777777777777776