14 0.18565104166666666 0.8623287037037037 0.2588020833333333 0.2746574074074074
14 0.6813046875000001 0.7226527777777778 0.13760937499999998 0.20271296296296296
10 0.4550651041666667 0.5549490740740741 0.014296874999999999 0.07286111111111111
14 0.29706510416666665 0.6364212962962963 0.08996354166666666 0.13950925925925925
14 0.5278697916666667 0.6025 0.12969791666666666 0.12722222222222224
14 0.5569895833333334 0.5184074074074074 0.0535625 0.06644444444444444
14 0.25909895833333335 0.5262314814814815 0.03590625 0.07098148148148148
10 0.42177343749999996 0.4889907407407407 0.009171875 0.05575925925925926
10 0.3517265625 0.5434768518518519 0.013869791666666666 0.059175925925925923
10 0.37043489583333333 0.5517407407407408 0.008578124999999999 0.0645925925925926
14 0.3997291666666667 0.4507453703703704 0.12133333333333333 0.06445370370370371