14 0.36575520833333336 0.4130740740740741 0.02734375 0.03540740740740741
14 0.5360598958333332 0.40614814814814815 0.023161458333333333 0.030814814814814816
14 0.23414583333333333 0.42030092592592594 0.03808333333333334 0.03689814814814815
14 0.5648567708333334 0.4093703703703704 0.020338541666666664 0.026148148148148146
14 0.36733333333333335 0.39478703703703705 0.028416666666666666 0.021055555555555553
14 0.32159895833333335 0.399125 0.02653125 0.033435185185185186
14 0.23789322916666666 0.39210648148148153 0.02891145833333333 0.024953703703703704
14 0.20659114583333332 0.3970046296296296 0.026723958333333336 0.029194444444444446
14 0.18486458333333333 0.3982824074074074 0.0249375 0.026194444444444444
14 0.13897656249999998 0.4079305555555556 0.012328125 0.010305555555555556
10 0.22609375 0.42916666666666664 0.006354166666666666 0.030555555555555555
10 0.20939583333333334 0.43144907407407407 0.006291666666666667 0.03326851851851852
10 0.19477864583333335 0.43596296296296294 0.006223958333333333 0.03303703703703704
10 0.19091145833333334 0.43680092592592595 0.00578125 0.03100925925925926
10 0.17770052083333335 0.43872222222222224 0.005401041666666666 0.03485185185185185