10 0.445546875 0.2883796296296296 0.00359375 0.013796296296296296
14 0.473640625 0.2831064814814815 0.011864583333333335 0.018064814814814815
14 0.6275182291666667 0.24523611111111113 0.008161458333333333 0.014546296296296297
14 0.5524635416666667 0.26875462962962965 0.013260416666666667 0.020842592592592593
14 0.5179088541666667 0.26419444444444445 0.017067708333333334 0.013574074074074073
14 0.4729114583333333 0.27193981481481483 0.01040625 0.010546296296296297
10 0.4571354166666667 0.28668055555555555 0.0028125000000000003 0.01225
10 0.4591145833333333 0.28677314814814814 0.0026041666666666665 0.014287037037037037
14 0.43231770833333333 0.285337962962963 0.012552083333333333 0.013268518518518518
14 0.38828125 0.29612499999999997 0.009895833333333333 0.016324074074074074
14 0.37145833333333333 0.3023287037037037 0.018958333333333334 0.021324074074074075
14 0.3569270833333333 0.31186574074074075 0.034687499999999996 0.025583333333333333
14 0.32223958333333336 0.31695833333333334 0.0278125 0.030212962962962966
14 0.20554947916666666 0.35020370370370374 0.012140624999999999 0.02077777777777778