14 0.8060755208333333 0.5830833333333334 0.21840104166666666 0.1532037037037037
14 0.4714244791666667 0.3017222222222222 0.047015625 0.05714814814814815
10 0.7481770833333333 0.3736111111111111 0.013020833333333334 0.06759259259259259
14 0.6208125 0.5048287037037037 0.11349999999999999 0.18558333333333335
14 0.6806770833333334 0.3029953703703704 0.03635416666666667 0.03747222222222222
14 0.8385989583333333 0.30469444444444443 0.06990625 0.033462962962962965
14 0.7361979166666667 0.3143518518518518 0.033854166666666664 0.025
10 0.9115807291666667 0.4171898148148148 0.015869791666666667 0.07326851851851851
14 0.3813828125 0.556125 0.16589062499999999 0.3326203703703704
14 0.9328749999999999 0.40600462962962963 0.06054166666666667 0.08978703703703704
10 0.7161067708333333 0.3744212962962963 0.014505208333333333 0.05810185185185185