14 0.6163932291666666 0.35178703703703706 0.05674479166666667 0.04987037037037037
14 0.42123697916666664 0.8632685185185186 0.17684895833333333 0.22098148148148147
14 0.9818098958333333 0.47816666666666663 0.028203125 0.06003703703703704
14 0.41278645833333333 0.33749537037037036 0.022447916666666668 0.028694444444444443
14 0.9717864583333333 0.40519444444444447 0.04357291666666666 0.030759259259259257
14 0.7497734375 0.36274074074074075 0.046421874999999994 0.05140740740740741
14 0.6940572916666666 0.46873148148148147 0.08707291666666667 0.10412962962962963
14 0.6776197916666666 0.39463425925925927 0.10523958333333333 0.07260185185185185
14 0.554765625 0.3496342592592593 0.044947916666666664 0.01963888888888889
10 0.8360911458333333 0.48973148148148143 0.012807291666666666 0.07390740740740741
10 0.82671875 0.4955462962962964 0.012812500000000001 0.06887037037037036
10 0.6895494791666666 0.3494259259259259 0.004098958333333334 0.011814814814814814