14 0.36220833333333335 0.4128287037037037 0.033791666666666664 0.034916666666666665
14 0.5356640625 0.4054675925925926 0.024453125000000003 0.03130555555555556
14 0.23414583333333333 0.42030092592592594 0.03808333333333334 0.03689814814814815
14 0.5648567708333334 0.40844444444444444 0.020338541666666664 0.026148148148148146
14 0.36733333333333335 0.39478703703703705 0.028416666666666666 0.021055555555555553
14 0.32159895833333335 0.399125 0.02653125 0.033435185185185186
14 0.23789322916666666 0.39210648148148153 0.02891145833333333 0.024953703703703704
14 0.20659114583333332 0.3970046296296296 0.026723958333333336 0.029194444444444446
14 0.18486458333333333 0.3982824074074074 0.0249375 0.026194444444444444
14 0.5110520833333333 0.39941203703703704 0.012729166666666668 0.01549074074074074
10 0.2716640625 0.43639814814814815 0.007911458333333333 0.04131481481481481
10 0.2066171875 0.43071296296296296 0.003859375 0.02624074074074074
10 0.08122395833333333 0.5223842592592592 0.00828125 0.0688425925925926
10 0.10334375 0.5296018518518518 0.007729166666666666 0.04624074074074074