10 0.36225 0.7419768518518519 0.03075 0.1265462962962963
10 0.219984375 0.8771435185185186 0.04205208333333333 0.15613888888888888
10 0.31338802083333334 0.8338472222222223 0.03615104166666667 0.16399074074074074
14 0.10625 0.525 0.046875 0.05925925925925926
10 0.3375 0.678412037037037 0.017708333333333333 0.05126851851851852
14 0.8660338541666667 0.6267731481481481 0.11019270833333333 0.1461388888888889
10 0.24336458333333333 0.8243287037037037 0.028395833333333335 0.15976851851851853
14 0.0265625 0.7962962962962963 0.053125 0.1537037037037037
10 0.3313203125 0.5066435185185185 0.010557291666666666 0.015138888888888891
10 0.3128984375 0.7696388888888889 0.031005208333333333 0.12075925925925925
14 0.23540104166666667 0.8053425925925926 0.24163541666666666 0.2606851851851852
14 0.43864843750000004 0.4124074074074074 0.023130208333333332 0.05074074074074074