14 0.8059921875 0.5840787037037037 0.21719270833333332 0.1533425925925926
14 0.47212760416666666 0.3028564814814815 0.04633854166666666 0.055712962962962964
14 0.6198463541666667 0.5061203703703704 0.112609375 0.18631481481481482
10 0.6536458333333334 0.3138888888888889 0.009375 0.044444444444444446
14 0.7358020833333333 0.3143518518518518 0.0330625 0.025
14 0.8385416666666666 0.3035 0.06979166666666667 0.03292592592592593
14 0.6804791666666666 0.30432870370370374 0.035958333333333335 0.038287037037037036
10 0.6092057291666666 0.30019907407407403 0.009036458333333334 0.035583333333333335
14 0.6319505208333334 0.2891064814814815 0.029526041666666666 0.043027777777777776
10 0.5717630208333334 0.2763287037037037 0.007067708333333334 0.021175925925925928
14 0.600078125 0.2731805555555556 0.025156249999999998 0.051916666666666667