10 0.44927083333333334 0.5033148148148149 0.011041666666666667 0.052925925925925925
10 0.3637421875 0.7314814814814815 0.030609375 0.09444444444444444
14 0.10783333333333332 0.525 0.04795833333333333 0.05925925925925926
10 0.23195052083333334 0.861375 0.03577604166666667 0.15608333333333332
14 0.86640625 0.6268518518518519 0.10885416666666667 0.14629629629629629
10 0.5149244791666666 0.5062962962962962 0.016307291666666664 0.045925925925925926
14 0.024583333333333336 0.8015185185185185 0.04916666666666667 0.14933333333333335
10 0.23325781250000002 0.7786111111111111 0.023807291666666668 0.060925925925925925
10 0.8814453125 0.8014259259259259 0.056640625 0.09914814814814815
10 0.8932317708333334 0.7519398148148149 0.030213541666666666 0.07054629629629629
14 0.23785416666666667 0.8077222222222222 0.24341666666666667 0.2654444444444444
14 0.4421458333333333 0.4117638888888889 0.03220833333333333 0.0494537037037037