14 0.8063281250000001 0.5840879629629631 0.21682291666666667 0.1496574074074074
14 0.4711692708333333 0.30416666666666664 0.04650520833333334 0.05648148148148148
14 0.6200260416666666 0.5045972222222223 0.11192708333333333 0.18512037037037038
14 0.2811432291666666 0.4204814814814815 0.138328125 0.15392592592592594
14 0.8387552083333334 0.3036203703703704 0.07021875 0.031314814814814816
14 0.7360755208333334 0.31484259259259256 0.033609375000000004 0.02598148148148148
14 0.6804062500000001 0.30386574074074074 0.03685416666666667 0.03921296296296296
14 0.4153619791666667 0.38592592592592595 0.06405729166666667 0.09407407407407407
10 0.36894010416666667 0.3986018518518519 0.017046875 0.0860925925925926
10 0.6924114583333334 0.48631944444444447 0.021281249999999998 0.11708333333333333
10 0.7100807291666666 0.46853240740740737 0.022244791666666666 0.11299074074074074
10 0.7251718749999999 0.487287037037037 0.01909375 0.11901851851851851