14 0.36575520833333336 0.4130740740740741 0.02734375 0.03540740740740741
14 0.5360598958333332 0.40614814814814815 0.023161458333333333 0.030814814814814816
14 0.23414583333333333 0.42030092592592594 0.03808333333333334 0.03689814814814815
14 0.5648567708333334 0.4093703703703704 0.020338541666666664 0.026148148148148146
14 0.36733333333333335 0.39478703703703705 0.028416666666666666 0.021055555555555553
14 0.32159895833333335 0.399125 0.02653125 0.033435185185185186
14 0.23789322916666666 0.39210648148148153 0.02891145833333333 0.024953703703703704
14 0.20659114583333332 0.3970046296296296 0.026723958333333336 0.029194444444444446
14 0.18486458333333333 0.3982824074074074 0.0249375 0.026194444444444444
14 0.51128125 0.3982453703703704 0.0131875 0.020564814814814817
10 0.5104479166666667 0.3985046296296296 0.004229166666666667 0.011824074074074074
10 0.19233593750000003 0.44684722222222223 0.006546875 0.036287037037037034
10 0.17426562499999998 0.4595277777777778 0.00790625 0.03572222222222222
10 0.17951822916666668 0.44477777777777777 0.004869791666666666 0.037703703703703705
10 0.11994010416666666 0.46072685185185186 0.006546875 0.041824074074074076
10 0.11449479166666668 0.46144444444444443 0.003989583333333334 0.03955555555555555
10 0.10303645833333334 0.46343518518518517 0.006072916666666667 0.041685185185185186