14 0.029817708333333335 0.792962962962963 0.05963541666666667 0.18407407407407408
14 0.39888541666666666 0.42586111111111113 0.022770833333333334 0.060981481481481484
14 0.37149479166666666 0.5345972222222223 0.07215624999999999 0.10808333333333334
14 0.925 0.6787037037037037 0.15 0.18888888888888888
14 0.6060078125 0.3636712962962963 0.023473958333333333 0.03475
14 0.9096354166666667 0.8347222222222223 0.18072916666666666 0.30462962962962964
14 0.7054817708333334 0.33622685185185186 0.019296874999999998 0.035416666666666666
14 0.7461328125000001 0.3252453703703704 0.04747395833333334 0.02086111111111111
10 0.9565234375 0.4957777777777778 0.014088541666666668 0.0897037037037037
10 0.9709010416666667 0.5053796296296296 0.011593750000000002 0.0903888888888889
10 0.9832890625 0.5180370370370371 0.016578125 0.1082962962962963