14 0.3485130208333333 0.5552824074074074 0.077234375 0.11056481481481481
14 0.5376666666666666 0.4373564814814815 0.14825 0.11360185185185186
14 0.7496666666666666 0.45794444444444443 0.10766666666666666 0.09366666666666666
14 0.9580729166666667 0.7060185185185185 0.08385416666666666 0.21574074074074073
10 0.9299817708333333 0.4287592592592593 0.007880208333333335 0.07233333333333333
14 0.9050833333333334 0.39052777777777775 0.015375 0.03661111111111111
10 0.8997369791666666 0.4314351851851852 0.004682291666666667 0.06842592592592593
10 0.6166328125 0.40802777777777777 0.013473958333333334 0.03272222222222222
14 0.604296875 0.38579166666666664 0.047135416666666666 0.05491666666666667
10 0.635125 0.46057870370370374 0.010875 0.04337962962962963
10 0.6203984375 0.47677777777777774 0.012671874999999999 0.048
14 0.028924479166666666 0.7720092592592592 0.05784895833333333 0.16624074074074074