14 0.12786458333333334 0.6268518518518519 0.08697916666666666 0.07037037037037037
14 0.9580572916666666 0.5109027777777777 0.08382291666666666 0.10328703703703704
14 0.0219765625 0.6219074074074074 0.043953125 0.07714814814814815
10 0.5643828125 0.4812268518518519 0.008973958333333334 0.02912037037037037
10 0.6394244791666667 0.4794907407407408 0.009057291666666667 0.04972222222222222
10 0.5358697916666666 0.4930648148148148 0.011322916666666665 0.04538888888888889
14 0.5412421875 0.42839351851851853 0.018942708333333332 0.02900925925925926
14 0.7162994791666667 0.5979629629629629 0.07009895833333334 0.14407407407407408
14 0.695015625 0.4708333333333333 0.10669791666666667 0.11574074074074074
14 0.5724401041666667 0.4382083333333333 0.024046875000000002 0.043083333333333335
14 0.6678880208333333 0.40417592592592594 0.025359375 0.02501851851851852
14 0.4285494791666667 0.662162037037037 0.10084895833333334 0.15210185185185185