14 0.12602604166666667 0.5036666666666667 0.06559374999999999 0.10548148148148148
14 0.70940625 0.4252361111111111 0.05527083333333334 0.11899074074074073
14 0.19518489583333334 0.4297916666666667 0.09036979166666666 0.07810185185185185
14 0.07401822916666667 0.46471296296296294 0.09074479166666666 0.07387037037037038
10 0.39881770833333335 0.6858657407407408 0.03617708333333333 0.11617592592592592
14 0.31425000000000003 0.5257777777777778 0.15141666666666667 0.22748148148148148
14 0.6275338541666666 0.43036574074074074 0.13527604166666668 0.1255462962962963
14 0.5809192708333334 0.46507407407407403 0.12225520833333332 0.1282962962962963
14 0.5162317708333333 0.3946574074074074 0.07204687500000001 0.031907407407407405
14 0.5048020833333333 0.48028240740740746 0.14085416666666667 0.15500925925925926
14 0.41255989583333336 0.41149074074074077 0.07824479166666666 0.04705555555555556
14 0.4103802083333334 0.5078240740740741 0.15201041666666668 0.18972222222222224
14 0.20140104166666667 0.4827962962962963 0.07467708333333332 0.10818518518518519
10 0.4212682291666667 0.6935092592592592 0.019619791666666667 0.12405555555555554