14 0.3658828125 0.41420833333333335 0.027598958333333333 0.03397222222222222
10 0.1762890625 0.4545601851851852 0.007786458333333333 0.040601851851851854
10 0.13700520833333335 0.46092592592592596 0.00734375 0.03666666666666667
14 0.5361458333333334 0.40671296296296294 0.02333333333333333 0.03009259259259259
10 0.14484375000000002 0.4544537037037037 0.007395833333333333 0.040388888888888884
10 0.16552083333333334 0.45913425925925927 0.007083333333333333 0.03308333333333333
14 0.23411979166666666 0.4209212962962963 0.03698958333333333 0.036287037037037034
10 0.1873828125 0.45531944444444444 0.003932291666666666 0.04212037037037037
14 0.56521875 0.40938888888888886 0.02002083333333333 0.026185185185185186
14 0.3671640625 0.39612037037037034 0.028078125 0.02187037037037037
14 0.32118749999999996 0.3983287037037037 0.02675 0.033694444444444444
14 0.23790624999999999 0.39216203703703706 0.0289375 0.025064814814814814
14 0.18592447916666668 0.39864351851851854 0.023932291666666668 0.025064814814814814
14 0.2067864583333333 0.3969583333333333 0.02815625 0.02910185185185185
10 0.0960703125 0.4670185185185185 0.0067239583333333335 0.04329629629629629