14 0.12397395833333333 0.849574074074074 0.14482291666666666 0.24359259259259258
14 0.8484296874999999 0.641449074074074 0.115609375 0.1773425925925926
10 0.6226875 0.440912037037037 0.006833333333333333 0.05034259259259259
14 0.35156770833333334 0.43368981481481483 0.05209375 0.043305555555555555
14 0.6908151041666667 0.4272870370370371 0.056630208333333334 0.07864814814814815
10 0.6435052083333334 0.4348101851851852 0.00784375 0.04184259259259259
10 0.6524765625000001 0.4417361111111111 0.008078125 0.04458333333333333
10 0.0035182291666666665 0.6492500000000001 0.007036458333333333 0.03738888888888889
10 0.0109609375 0.6439814814814815 0.010463541666666666 0.04351851851851852
10 0.020932291666666665 0.6435092592592593 0.01165625 0.03887037037037037
10 0.032463541666666665 0.6514768518518519 0.01284375 0.01962037037037037
10 0.18063020833333335 0.6175601851851852 0.01021875 0.03697222222222222
14 0.18905989583333332 0.6514583333333334 0.10728645833333333 0.16773148148148148