10 0.6399114583333334 0.39052314814814815 0.01628125 0.07734259259259259
14 0.426375 0.5742546296296296 0.309 0.19110185185185183
14 0.5593541666666667 0.28223148148148147 0.023916666666666666 0.03668518518518518
14 0.6462135416666667 0.26987037037037037 0.023677083333333335 0.03233333333333333
14 0.45596875000000003 0.2770648148148148 0.03797916666666667 0.04301851851851852
10 0.7070989583333334 0.4349675925925926 0.018364583333333333 0.060675925925925925
14 0.037421875 0.5014953703703704 0.07484375 0.12150925925925925
14 0.7265911458333334 0.26793518518518517 0.020890625 0.03401851851851852
14 0.5729296875000001 0.24738425925925928 0.010442708333333333 0.018842592592592595
14 0.30594010416666667 0.25579166666666664 0.021255208333333334 0.01713888888888889
14 0.21369791666666668 0.2806898148148148 0.014895833333333334 0.016935185185185185
14 0.4133645833333333 0.25387037037037036 0.012145833333333333 0.013296296296296296