10 0.6170156250000001 0.4857083333333334 0.01528125 0.034379629629629635
14 0.5334869791666667 0.4321759259259259 0.146140625 0.09768518518518518
14 0.34931770833333337 0.5547268518518519 0.07780208333333333 0.11130555555555555
10 0.6385546875 0.6030601851851851 0.031276041666666664 0.09500925925925927
10 0.6290026041666666 0.47856944444444444 0.011130208333333334 0.04047222222222222
14 0.5107083333333333 0.519361111111111 0.064125 0.11835185185185185
14 0.7502916666666667 0.4549074074074074 0.10579166666666667 0.095
14 0.95859375 0.7055555555555556 0.0828125 0.21481481481481482
10 0.5086328125 0.45111574074074073 0.007890625 0.022601851851851852
10 0.49344791666666665 0.4537407407407408 0.0098125 0.03155555555555555
14 0.6040520833333333 0.384875 0.0476875 0.058638888888888886
14 0.9050390625 0.39239351851851856 0.015286458333333334 0.03663888888888889