14 0.051171875 0.617625 0.10234375 0.11487962962962962
10 0.46744270833333335 0.5726712962962963 0.009885416666666667 0.07312037037037036
10 0.4781197916666667 0.5711990740740741 0.011447916666666667 0.08128703703703705
10 0.48926302083333334 0.5786481481481482 0.010817708333333334 0.07951851851851852
10 0.5037213541666666 0.571462962962963 0.014734375 0.08737037037037038
14 0.6700338541666666 0.5397268518518519 0.156734375 0.12575
14 0.6184348958333333 0.45489351851851856 0.030619791666666667 0.04312037037037037
14 0.6850572916666666 0.4367824074074074 0.03053125 0.049490740740740745
14 0.9413619791666666 0.5500648148148148 0.11709895833333334 0.09642592592592593
14 0.9817578124999999 0.4344398148148148 0.029140625 0.04665740740740741
14 0.1940572916666667 0.5898981481481482 0.05894791666666667 0.06312962962962963
10 0.49251822916666665 0.536449074074074 0.008994791666666667 0.021046296296296296
14 0.7174921875 0.46398611111111115 0.024567708333333334 0.053898148148148146
14 0.6731093749999999 0.3992546296296296 0.053510416666666664 0.0355462962962963
14 0.5915286458333333 0.4305462962962963 0.02159895833333333 0.020351851851851854