10 0.36108854166666665 0.4476111111111111 0.008635416666666666 0.04707407407407408
14 0.7747395833333334 0.4337962962962963 0.0359375 0.032407407407407406
14 0.5361848958333333 0.4074074074074074 0.023411458333333336 0.03148148148148148
10 0.3232734375 0.4550046296296296 0.0069635416666666665 0.0470462962962963
14 0.3655703125 0.4126388888888889 0.028015625 0.03083333333333333
14 0.23359635416666666 0.4214351851851852 0.03802604166666667 0.03546296296296296
14 0.23806510416666665 0.3927222222222222 0.028213541666666668 0.026185185185185186
14 0.18629166666666666 0.3987777777777778 0.025708333333333333 0.02348148148148148
14 0.3217838541666667 0.39899074074074076 0.026901041666666667 0.033166666666666664
10 0.32937760416666667 0.44477314814814817 0.009796875 0.043250000000000004
14 0.5655 0.4090601851851852 0.020583333333333335 0.025527777777777778
14 0.3668385416666667 0.3950046296296296 0.028468749999999998 0.01963888888888889
14 0.20790364583333334 0.39725925925925926 0.02518229166666667 0.02785185185185185