14 0.14471354166666667 0.43967592592592597 0.06130208333333333 0.04231481481481482
10 0.31393229166666664 0.4038425925925926 0.0049479166666666664 0.0225
10 0.1475 0.4636574074074074 0.006458333333333333 0.04027777777777778
10 0.3380989583333333 0.39958333333333335 0.00328125 0.02138888888888889
14 0.258515625 0.4178703703703704 0.032656250000000005 0.03574074074074074
14 0.37186718750000003 0.3983518518518519 0.032276041666666665 0.026333333333333334
10 0.33010416666666664 0.3984722222222222 0.003958333333333333 0.02287037037037037
14 0.23601562499999998 0.3930092592592592 0.028281249999999997 0.026759259259259257
10 0.34434895833333334 0.3985185185185185 0.00328125 0.022962962962962963
14 0.5633723958333333 0.4088842592592593 0.020494791666666668 0.023324074074074077
14 0.5340651041666666 0.4058981481481482 0.024380208333333334 0.03216666666666667
14 0.5104973958333333 0.4001574074074074 0.013703125 0.01512962962962963
10 0.3364296875 0.39737500000000003 0.002026041666666667 0.020675925925925924
14 0.2051015625 0.3967268518518518 0.027911458333333337 0.028638888888888887