10 0.428421875 0.5638009259259259 0.015177083333333334 0.07760185185185185
10 0.39245572916666666 0.5606944444444444 0.011994791666666667 0.062129629629629625
14 0.4282083333333333 0.5546666666666666 0.105375 0.0834074074074074
10 0.6516015625 0.5236111111111111 0.012578124999999999 0.062037037037037036
10 0.7327265625 0.5288611111111111 0.011286458333333334 0.04661111111111112
14 0.6894713541666667 0.47863888888888884 0.054984374999999995 0.07394444444444444
14 0.6116302083333333 0.4523101851851852 0.04409375 0.047212962962962964
14 0.9015494791666666 0.5156574074074074 0.13434895833333332 0.11279629629629628
14 0.9753723958333332 0.4699305555555555 0.030953125 0.05837962962962963
10 0.4556302083333333 0.519611111111111 0.008135416666666666 0.016999999999999998
10 0.4633203125 0.5219398148148149 0.009973958333333333 0.021657407407407406
14 0.6704609375 0.3988425925925926 0.04508854166666666 0.034722222222222224
14 0.6806822916666667 0.42694907407407406 0.019697916666666666 0.03167592592592593
14 0.7214062499999999 0.46417592592592594 0.013645833333333333 0.04872222222222222
14 0.9827265625 0.43248611111111107 0.025869791666666666 0.04460185185185185