14 0.9174140625 0.3551157407407407 0.060869791666666666 0.05837962962962963
14 0.0496875 0.4385787037037037 0.07020833333333334 0.11234259259259259
14 0.82059375 0.3744722222222222 0.1036875 0.09524074074074074
14 0.6102395833333334 0.38275462962962964 0.09547916666666666 0.10439814814814814
10 0.09088541666666666 0.7953703703703704 0.12760416666666666 0.40925925925925927
14 0.4738776041666667 0.7189027777777778 0.6915052083333334 0.5618796296296297
10 0.030023437499999996 0.3884861111111111 0.016296875 0.056601851851851855
14 0.14132552083333336 0.41871296296296295 0.12327604166666667 0.17446296296296296
14 0.5085494791666666 0.38122222222222224 0.13480729166666666 0.12725925925925927
14 0.6361901041666667 0.3100416666666667 0.11613020833333333 0.06637962962962962
14 0.6904791666666666 0.3785277777777778 0.11429166666666667 0.10705555555555556
14 0.7708125 0.3546898148148148 0.11245833333333333 0.09826851851851852
14 0.8594557291666667 0.3496759259259259 0.036619791666666665 0.041944444444444444
14 0.9740755208333333 0.3814166666666667 0.014817708333333334 0.04616666666666667
14 0.9061744791666667 0.6750972222222222 0.18734895833333332 0.38723148148148145