14 0.6619869791666667 0.4101851851851852 0.026057291666666666 0.027777777777777776
14 0.36044010416666666 0.4116620370370371 0.03233854166666667 0.03443518518518518
14 0.23333854166666665 0.42006481481481484 0.037510416666666664 0.03827777777777778
14 0.5356145833333333 0.40480555555555553 0.0233125 0.03183333333333334
10 0.37763802083333337 0.4175509259259259 0.006317708333333334 0.027694444444444445
14 0.3216510416666667 0.39675925925925926 0.02663541666666667 0.03425925925925926
14 0.23698697916666667 0.39282407407407405 0.02918229166666667 0.02824074074074074
14 0.5988776041666667 0.39575925925925926 0.015463541666666667 0.017444444444444443
14 0.5672291666666667 0.38545833333333335 0.014666666666666666 0.019064814814814816
14 0.5643463541666667 0.4070324074074074 0.020359375000000002 0.023324074074074077
14 0.3734427083333333 0.39417592592592593 0.032302083333333335 0.021685185185185186
14 0.20647135416666668 0.3952453703703704 0.027526041666666667 0.02937962962962963
14 0.18269010416666667 0.3993148148148148 0.020588541666666668 0.0227037037037037