14 0.08225520833333334 0.4721666666666667 0.04367708333333333 0.07766666666666666
14 0.25948177083333335 0.47838888888888886 0.036671875 0.060481481481481476
14 0.02197395833333333 0.4394074074074074 0.04394791666666666 0.041777777777777775
10 0.028033854166666667 0.47883796296296294 0.009192708333333332 0.04471296296296296
14 0.3624244791666667 0.46771296296296294 0.04672395833333333 0.07801851851851853
14 0.6544192708333333 0.4689259259259259 0.05363020833333333 0.05266666666666667
14 0.7246354166666666 0.46281944444444445 0.05552083333333333 0.05341666666666667
14 0.7104557291666667 0.5157268518518519 0.081328125 0.06849074074074074
14 0.6498307291666666 0.5500648148148148 0.072578125 0.09272222222222222
14 0.5152552083333333 0.4653240740740741 0.046135416666666665 0.04546296296296296
14 0.0123046875 0.4578148148148148 0.024609375 0.04155555555555556
14 0.0473125 0.43125925925925923 0.021708333333333333 0.03288888888888889
14 0.050109375000000005 0.4101898148148148 0.014802083333333334 0.01852777777777778