14 0.42373958333333334 0.2839537037037037 0.04852083333333333 0.02901851851851852
14 0.3378567708333333 0.29259722222222223 0.046546875 0.029638888888888888
10 0.8252734375 0.3957175925925926 0.015130208333333334 0.07106481481481482
14 0.2853333333333333 0.29212962962962963 0.04045833333333334 0.041666666666666664
14 0.22194270833333332 0.3712037037037037 0.09388541666666667 0.10351851851851851
10 0.896625 0.44939814814814816 0.016166666666666666 0.052500000000000005
14 0.89953125 0.326087962962963 0.035520833333333335 0.05773148148148148
10 0.800453125 0.36712962962962964 0.012364583333333333 0.03425925925925926
10 0.9181744791666666 0.41993055555555553 0.012390624999999999 0.05097222222222222
10 0.23838020833333334 0.34146759259259263 0.011135416666666667 0.01997222222222222
14 0.1813515625 0.3509861111111111 0.03353645833333333 0.05382407407407408
14 0.7528489583333333 0.27569444444444446 0.025489583333333333 0.038425925925925926
10 0.9097161458333333 0.44387037037037036 0.021515625 0.02477777777777778