14 0.8062942708333334 0.5835879629629629 0.217796875 0.15050925925925926
14 0.47077604166666664 0.30324999999999996 0.047802083333333335 0.0565
14 0.2815052083333333 0.4201898148148148 0.13696875 0.1533425925925926
14 0.7359375 0.31527777777777777 0.034375 0.026851851851851852
14 0.838921875 0.3042361111111111 0.07055208333333333 0.032546296296296295
14 0.6804557291666666 0.3025601851851852 0.03591145833333333 0.03660185185185185
10 0.3628828125 0.40425462962962966 0.019515624999999998 0.08813888888888889
14 0.06304166666666668 0.5853750000000001 0.12608333333333335 0.2059351851851852
10 0.6996536458333333 0.3057314814814815 0.004515625 0.03553703703703704
14 0.7045651041666667 0.38350925925925927 0.050796875 0.09849999999999999
10 0.6668593749999999 0.3940138888888889 0.017052083333333336 0.08062037037037037