14 0.8785182291666668 0.26385185185185184 0.04766145833333334 0.04437037037037037
10 0.6657031250000001 0.504912037037037 0.02411458333333333 0.11167592592592593
14 0.496171875 0.5561481481481482 0.14651041666666667 0.2919259259259259
10 0.7625729166666667 0.2926111111111111 0.0136875 0.05188888888888889
14 0.9680234375 0.23495833333333332 0.03708854166666666 0.03843518518518518
10 0.6997734375 0.4896342592592592 0.024546875000000003 0.1144537037037037
14 0.9192161458333333 0.2486712962962963 0.037390625000000004 0.039935185185185185
14 0.713046875 0.3135694444444444 0.04380208333333333 0.04195370370370371
14 0.689609375 0.35689814814814813 0.02296875 0.0600925925925926
14 0.6314270833333333 0.32354166666666667 0.1086875 0.07300925925925926
10 0.5678072916666667 0.5187083333333333 0.02728125 0.10223148148148148