14 0.6700416666666666 0.2735046296296296 0.059875 0.07108333333333333
14 0.23304427083333332 0.4114953703703704 0.14108854166666665 0.18039814814814817
10 0.8046875 0.2324074074074074 0.008333333333333333 0.046296296296296294
14 0.6426432291666667 0.27535185185185185 0.055078125 0.11181481481481483
14 0.5568984374999999 0.2835648148148148 0.135671875 0.13935185185185187
14 0.5253697916666666 0.32062037037037033 0.09448958333333332 0.12087037037037036
14 0.43371614583333334 0.33600925925925923 0.13409895833333335 0.1497962962962963
14 0.32544531250000003 0.36545833333333333 0.14880729166666665 0.17906481481481482
14 0.12890625 0.4003333333333333 0.07135416666666666 0.10622222222222222
14 0.05728124999999999 0.43787499999999996 0.06352083333333333 0.10167592592592593
14 0.01678125 0.4350462962962963 0.0335625 0.0737962962962963