14 0.1995598958333333 0.42475 0.032453125 0.03468518518518519
10 0.318703125 0.42567592592592596 0.00615625 0.03283333333333333
14 0.32744531250000003 0.40924074074074074 0.021557291666666666 0.04070370370370371
14 0.365359375 0.42442592592592593 0.022385416666666665 0.03774074074074074
14 0.27365625 0.4134212962962963 0.027520833333333335 0.028694444444444443
10 0.3120052083333333 0.41559722222222223 0.006302083333333333 0.027490740740740743
14 0.24251562499999998 0.401037037037037 0.01940625 0.022444444444444444
14 0.31545572916666664 0.4003101851851852 0.018411458333333335 0.035805555555555556
14 0.36459114583333335 0.3930833333333333 0.02918229166666667 0.023203703703703702
14 0.4349609375 0.3947685185185185 0.038671875 0.03768518518518519
14 0.5191875 0.37577777777777777 0.006083333333333333 0.008962962962962963
14 0.525984375 0.40662499999999996 0.022802083333333334 0.03176851851851852
14 0.5395104166666667 0.4004490740740741 0.017562499999999998 0.024972222222222222
14 0.5633776041666666 0.4036388888888889 0.022588541666666666 0.0295