14 0.92421875 0.700925925925926 0.1515625 0.23148148148148148
10 0.9245494791666666 0.5669305555555555 0.024098958333333333 0.11349074074074074
10 0.9688541666666667 0.551162037037037 0.017916666666666668 0.08010185185185185
10 0.9198072916666666 0.42483796296296295 0.014614583333333332 0.06634259259259259
10 0.5860286458333334 0.5551851851851852 0.017890625 0.09185185185185185
14 0.4866015625 0.4571574074074074 0.095078125 0.13098148148148148
10 0.5684895833333333 0.5300925925925926 0.0140625 0.08611111111111111
14 0.9648828125000001 0.4022361111111111 0.04747395833333334 0.07484259259259259
14 0.016890625 0.7959814814814814 0.03378125 0.16233333333333333
10 0.5163776041666667 0.32586574074074076 0.004630208333333333 0.02765740740740741
10 0.5969192708333334 0.49765740740740744 0.011546875000000002 0.06198148148148148
14 0.5956197916666667 0.432875 0.06311458333333334 0.12500925925925926