14 0.05117708333333334 0.6174259259259259 0.10235416666666668 0.10151851851851852
10 0.39781510416666666 0.5767546296296296 0.015421875 0.08499074074074074
10 0.41888020833333334 0.5790694444444444 0.015885416666666666 0.08406481481481481
10 0.464734375 0.5651203703703704 0.014885416666666667 0.06912962962962962
10 0.56534375 0.5468657407407408 0.012979166666666668 0.07336111111111111
14 0.6701354166666668 0.5372083333333333 0.15589583333333332 0.12071296296296297
14 0.6171614583333334 0.45546296296296296 0.03328125 0.04240740740740741
14 0.684171875 0.43644444444444447 0.029802083333333333 0.050666666666666665
14 0.7180468750000001 0.46584722222222225 0.024635416666666667 0.05021296296296296
14 0.9418072916666667 0.5502407407407407 0.11590625 0.09677777777777777
14 0.9831067708333333 0.4325925925925926 0.030796875 0.04666666666666667
14 0.6718229166666667 0.4000740740740741 0.05197916666666667 0.03348148148148148
14 0.19623697916666666 0.5877361111111111 0.05705729166666666 0.06250925925925926
14 0.5910130208333333 0.43394907407407407 0.022651041666666667 0.02900925925925926