10 0.6119322916666667 0.44099537037037034 0.008239583333333333 0.041249999999999995
14 0.21684635416666667 0.8077175925925927 0.237859375 0.2580277777777778
14 0.11097916666666666 0.5498796296296297 0.04383333333333333 0.06642592592592592
14 0.8313880208333334 0.4231851851851852 0.06590104166666667 0.05007407407407407
10 0.154390625 0.5544675925925926 0.008781249999999999 0.05893518518518518
14 0.18734114583333333 0.5143148148148149 0.04030729166666667 0.06937037037037037
14 0.25023958333333335 0.5051851851851852 0.04735416666666667 0.08259259259259259
10 0.3265286458333333 0.5223055555555556 0.007223958333333333 0.027944444444444445
10 0.3802526041666667 0.47602777777777777 0.011546875000000002 0.044648148148148145
14 0.4243177083333334 0.4379305555555556 0.09342708333333333 0.09437962962962963
10 0.6916093750000001 0.39511574074074074 0.006135416666666667 0.030972222222222224
14 0.6746354166666666 0.40730555555555553 0.11697916666666666 0.06275925925925926
14 0.70696875 0.4735509259259259 0.0545625 0.07673148148148148
10 0.7609270833333334 0.46220833333333333 0.009354166666666667 0.031824074074074074
14 0.7388463541666667 0.4249907407407407 0.038109375 0.048129629629629626