14 0.051125 0.6167268518518519 0.10225 0.10382407407407407
10 0.4136302083333333 0.5813009259259259 0.015802083333333335 0.08852777777777777
10 0.48412499999999997 0.5752824074074073 0.013041666666666667 0.08019444444444444
10 0.49778385416666665 0.5715324074074074 0.011192708333333332 0.08195370370370371
10 0.5074661458333334 0.5732453703703704 0.009723958333333334 0.07797222222222222
10 0.5627161458333333 0.5435509259259259 0.010848958333333332 0.07784259259259259
14 0.6670286458333333 0.5349351851851852 0.16218229166666667 0.12357407407407409
14 0.6183723958333334 0.4542083333333333 0.029453125 0.04360185185185186
14 0.6843046875 0.4350601851851852 0.026942708333333332 0.04789814814814815
14 0.7165338541666666 0.46418055555555554 0.022651041666666667 0.04687962962962963
14 0.941828125 0.5511435185185185 0.11594791666666666 0.10413888888888889
14 0.9829973958333333 0.431587962962963 0.029536458333333335 0.04836111111111111
14 0.6725364583333333 0.3983981481481481 0.04819791666666667 0.03568518518518519
14 0.5900546875 0.4043981481481482 0.015526041666666665 0.014351851851851852
14 0.5915182291666666 0.4309259259259259 0.021578125 0.022962962962962963
14 0.19326041666666666 0.5914490740740741 0.051104166666666666 0.06252777777777778