14 0.26664322916666666 0.2832361111111111 0.03849479166666667 0.029435185185185186
14 0.12169270833333333 0.31852777777777774 0.04338541666666666 0.04446296296296297
14 0.19190885416666667 0.3042962962962963 0.03902604166666667 0.030814814814814816
14 0.490125 0.4204537037037037 0.202125 0.1446111111111111
14 0.8892890625 0.35138425925925926 0.12753645833333332 0.0916574074074074
14 0.29130468750000005 0.35906481481481484 0.06698437500000001 0.10146296296296296
14 0.020833333333333332 0.5523148148148148 0.041666666666666664 0.1398148148148148
10 0.3606302083333333 0.364287037037037 0.011885416666666667 0.06931481481481482
10 0.37223958333333335 0.38431481481481483 0.014270833333333333 0.053814814814814815
14 0.4300234375 0.3597962962962963 0.100671875 0.06588888888888889
10 0.3932421875 0.38408333333333333 0.010442708333333333 0.04409259259259259
14 0.95625 0.39305555555555555 0.0875 0.10092592592592593