14 0.14471354166666667 0.43967592592592597 0.06130208333333333 0.04231481481481482
14 0.258515625 0.4178703703703704 0.032656250000000005 0.03574074074074074
14 0.37186718750000003 0.3983518518518519 0.032276041666666665 0.026333333333333334
14 0.23601562499999998 0.3930092592592592 0.028281249999999997 0.026759259259259257
14 0.5633723958333333 0.4088842592592593 0.020494791666666668 0.023324074074074077
14 0.5340651041666666 0.4058981481481482 0.024380208333333334 0.03216666666666667
14 0.5104973958333333 0.4001574074074074 0.013703125 0.01512962962962963
14 0.2051015625 0.3967268518518518 0.027911458333333337 0.028638888888888887
10 0.3443203125 0.3983935185185185 0.0032239583333333335 0.024564814814814817
10 0.33655989583333334 0.39973611111111107 0.004369791666666667 0.021694444444444443
10 0.3274713541666667 0.4005694444444445 0.004942708333333334 0.02150925925925926
10 0.3195807291666667 0.3995972222222222 0.005828125 0.023268518518518518
14 0.5403854166666666 0.3789120370370371 0.008895833333333332 0.011527777777777777