14 0.36575520833333336 0.4130740740740741 0.02734375 0.03540740740740741
14 0.5360598958333332 0.40614814814814815 0.023161458333333333 0.030814814814814816
14 0.238765625 0.42030092592592594 0.028572916666666667 0.03689814814814815
14 0.5648567708333334 0.4093703703703704 0.020338541666666664 0.026148148148148146
14 0.36733333333333335 0.39478703703703705 0.028416666666666666 0.021055555555555553
14 0.32159895833333335 0.399125 0.02653125 0.033435185185185186
14 0.23789322916666666 0.39210648148148153 0.02891145833333333 0.024953703703703704
14 0.20659114583333332 0.3970046296296296 0.026723958333333336 0.029194444444444446
14 0.18486458333333333 0.3982824074074074 0.0249375 0.026194444444444444
14 0.13874999999999998 0.4083981481481481 0.012916666666666667 0.011240740740740742
10 0.24779166666666666 0.4298240740740741 0.004958333333333333 0.03372222222222222
10 0.2347265625 0.4277824074074074 0.003828125 0.03334259259259259
10 0.22381250000000003 0.4303703703703704 0.005958333333333333 0.032962962962962965
10 0.21911197916666666 0.42832870370370374 0.004890625 0.03258333333333333
10 0.2136796875 0.43112962962962964 0.006526041666666666 0.03448148148148148
10 0.2079375 0.4290648148148148 0.005458333333333333 0.03220370370370371