14 0.6163932291666666 0.35178703703703706 0.05674479166666667 0.04987037037037037
14 0.42123697916666664 0.8632685185185186 0.17684895833333333 0.22098148148148147
14 0.9818098958333333 0.47816666666666663 0.028203125 0.06003703703703704
14 0.41278645833333333 0.33749537037037036 0.022447916666666668 0.028694444444444443
14 0.9717864583333333 0.40519444444444447 0.04357291666666666 0.030759259259259257
14 0.7497734375 0.36274074074074075 0.046421874999999994 0.05140740740740741
14 0.6940572916666666 0.46873148148148147 0.08707291666666667 0.10412962962962963
14 0.6776197916666666 0.39463425925925927 0.10523958333333333 0.07260185185185185
14 0.554765625 0.3496342592592593 0.044947916666666664 0.01963888888888889
10 0.7635000000000001 0.41800925925925925 0.007208333333333333 0.05268518518518518
10 0.7531484375 0.42103703703703704 0.013588541666666667 0.05133333333333333
10 0.7322552083333334 0.408375 0.008260416666666666 0.03897222222222223
10 0.7509088541666666 0.38775 0.008067708333333333 0.04031481481481482