14 0.3621796875 0.4129027777777778 0.033734375 0.03506481481481481
14 0.5360598958333332 0.40614814814814815 0.023161458333333333 0.030814814814814816
14 0.23414583333333333 0.42030092592592594 0.03808333333333334 0.03689814814814815
14 0.5648567708333334 0.4093703703703704 0.020338541666666664 0.026148148148148146
14 0.36733333333333335 0.39478703703703705 0.028416666666666666 0.021055555555555553
14 0.32159895833333335 0.399125 0.02653125 0.033435185185185186
14 0.23789322916666666 0.39161111111111113 0.02891145833333333 0.025814814814814815
14 0.20659114583333332 0.3960787037037037 0.026723958333333336 0.029194444444444446
14 0.18486458333333333 0.3982824074074074 0.0249375 0.026194444444444444
14 0.5115364583333333 0.3994537037037037 0.01265625 0.017425925925925925
10 0.1558671875 0.4690138888888889 0.008609375 0.05099074074074074
10 0.24995833333333334 0.4484120370370371 0.00825 0.046824074074074074
10 0.2377890625 0.4574444444444445 0.007869791666666666 0.04451851851851852
10 0.23094270833333336 0.45785185185185184 0.00771875 0.04533333333333334
10 0.22824739583333334 0.4507962962962963 0.006494791666666667 0.042333333333333334
10 0.22009114583333333 0.4402962962962963 0.005807291666666667 0.01948148148148148
10 0.22238020833333336 0.45974537037037033 0.007260416666666667 0.04356481481481481
10 0.21475781249999998 0.45973148148148146 0.007640625 0.04724074074074074