10 0.604640625 0.5948055555555556 0.030114583333333333 0.10442592592592592
14 0.3490598958333333 0.5538518518518518 0.07728645833333332 0.1114074074074074
10 0.8776614583333333 0.6283055555555556 0.0074062500000000005 0.060314814814814814
10 0.571 0.5349537037037037 0.012833333333333334 0.07361111111111111
14 0.9583333333333334 0.7064814814814815 0.08333333333333333 0.21296296296296297
14 0.9046015625 0.39149537037037035 0.015453125000000002 0.036694444444444446
14 0.6076250000000001 0.3666990740740741 0.025666666666666667 0.03339814814814815
14 0.7506328124999999 0.4502361111111111 0.10543229166666666 0.10602777777777778
14 0.5320026041666667 0.43192129629629633 0.143171875 0.10458333333333333
10 0.53896875 0.5251712962962962 0.011270833333333334 0.06515740740740741
14 0.5088984375 0.5191805555555555 0.06258854166666666 0.11799074074074074
10 0.5947578124999999 0.5803842592592593 0.011390625 0.10891666666666666