14 0.4473046875 0.2092037037037037 0.05294270833333334 0.040629629629629634
14 0.34709375 0.27356018518518516 0.0348125 0.02489814814814815
14 0.9059947916666666 0.20599074074074075 0.10053125 0.07124074074074074
14 0.012919270833333333 0.41430092592592593 0.025838541666666666 0.03415740740740741
14 0.6398645833333333 0.13945370370370372 0.0161875 0.019648148148148147
14 0.7200286458333333 0.12081944444444445 0.07755729166666667 0.03793518518518518
14 0.7809869791666666 0.11008796296296296 0.015098958333333332 0.018324074074074072
14 0.8254296875 0.10559722222222222 0.02169270833333333 0.01675
10 0.8061614583333333 0.1072638888888889 0.00503125 0.014527777777777777
10 0.8874166666666666 0.23641203703703703 0.009208333333333334 0.07282407407407408
10 0.7192421875 0.22407407407407406 0.014526041666666666 0.05185185185185185
10 0.7223802083333334 0.211 0.009343750000000001 0.03311111111111111