14 0.05745833333333333 0.42055555555555557 0.044083333333333335 0.03925925925925926
14 0.48828385416666664 0.24683333333333332 0.033859375000000004 0.06403703703703703
14 0.6850104166666667 0.20748611111111112 0.029395833333333333 0.0390462962962963
14 0.022299479166666667 0.4488842592592593 0.03418229166666666 0.03480555555555556
10 0.6241770833333333 0.2675925925925926 0.0098125 0.04814814814814815
14 0.8590130208333334 0.3030555555555556 0.11490104166666668 0.10055555555555555
14 0.39719791666666665 0.26582407407407405 0.0454375 0.03164814814814815
10 0.3865416666666667 0.29427777777777775 0.009541666666666667 0.03485185185185185
14 0.29915625 0.35030555555555554 0.12435416666666667 0.12283333333333334
14 0.15521875 0.40812037037037036 0.1135625 0.1143888888888889
14 0.04779947916666667 0.4175509259259259 0.03830729166666667 0.036953703703703704