14 0.8356770833333333 0.2777777777777778 0.03802083333333333 0.046296296296296294
14 0.23645833333333333 0.2847222222222222 0.03958333333333333 0.030555555555555555
14 0.5867682291666667 0.5118194444444444 0.15061979166666667 0.20697222222222222
14 0.1265625 0.30972222222222223 0.046875 0.04351851851851852
14 0.9287942708333333 0.3931527777777778 0.14196354166666666 0.11593518518518518
14 0.19140625 0.2967592592592593 0.034895833333333334 0.032407407407407406
14 0.32784895833333333 0.3452453703703704 0.12548958333333332 0.10715740740740741
14 0.5335390624999999 0.35552314814814817 0.14936979166666667 0.11845370370370371
14 0.48668750000000005 0.3947638888888889 0.06191666666666666 0.11175
10 0.56353125 0.3935925925925926 0.0239375 0.05014814814814814
10 0.5537838541666668 0.4116944444444444 0.020067708333333333 0.06968518518518518