14 0.39821875 0.26678703703703704 0.0464375 0.03172222222222222
10 0.42549739583333335 0.5233935185185185 0.04266145833333333 0.13012037037037036
14 0.14296875 0.38550462962962967 0.0359375 0.046935185185185184
14 0.5882552083333333 0.4915231481481482 0.5390104166666667 0.4848981481481482
14 0.5549505208333334 0.24042129629629627 0.030734374999999998 0.043805555555555556
14 0.02671875 0.44839814814814816 0.041979166666666665 0.04124074074074074
14 0.7667786458333333 0.2544814814814815 0.08668229166666667 0.034888888888888886
14 0.6927942708333333 0.27272222222222225 0.07204687500000001 0.04544444444444444
14 0.5257473958333333 0.24059722222222224 0.03378645833333334 0.06637962962962962
10 0.3507135416666667 0.29683796296296294 0.006635416666666667 0.014046296296296296
14 0.11379947916666668 0.39837962962962964 0.03905729166666667 0.050462962962962966
14 0.07250520833333333 0.4138101851851852 0.031468750000000004 0.03317592592592592
14 0.05117447916666666 0.41518518518518516 0.04193229166666667 0.035925925925925924