14 0.14888020833333335 0.6317546296296296 0.09567708333333333 0.07091666666666667
14 0.6896979166666667 0.43567129629629625 0.02314583333333333 0.0361574074074074
14 0.7411744791666667 0.4906203703703704 0.05734895833333333 0.08494444444444443
14 0.9227005208333333 0.5267453703703704 0.113109375 0.08312037037037037
14 0.03797395833333333 0.6359444444444445 0.07594791666666666 0.07188888888888889
14 0.3526432291666667 0.523625 0.14174479166666665 0.12873148148148147
14 0.6681875 0.4609212962962963 0.022833333333333334 0.051472222222222225
14 0.7219479166666667 0.4317546296296296 0.017854166666666667 0.03758333333333334
14 0.6174270833333334 0.46779166666666666 0.0275625 0.05595370370370371
10 0.2032421875 0.5131018518518519 0.005442708333333333 0.018796296296296297
10 0.4861875 0.4407083333333333 0.003625 0.012898148148148148
10 0.48275520833333335 0.44795833333333335 0.004052083333333334 0.029249999999999998
10 0.479484375 0.4507083333333333 0.0048020833333333336 0.027342592592592592
14 0.5485338541666667 0.4249351851851852 0.011651041666666667 0.025796296296296296