14 0.8062942708333334 0.5835879629629629 0.217796875 0.15050925925925926
14 0.47077604166666664 0.30324999999999996 0.047802083333333335 0.0565
14 0.2806796875 0.4201898148148148 0.13531770833333334 0.1533425925925926
14 0.7359375 0.31527777777777777 0.034375 0.026851851851851852
14 0.49298177083333333 0.3960138888888889 0.07450520833333334 0.09943518518518518
14 0.838921875 0.3042361111111111 0.07055208333333333 0.032546296296296295
14 0.6192916666666667 0.5060509259259259 0.11254166666666668 0.1861759259259259
14 0.6804557291666666 0.3025601851851852 0.03591145833333333 0.03660185185185185
10 0.6998723958333334 0.49303240740740745 0.022661458333333332 0.11569444444444445
10 0.9179036458333333 0.7011898148148148 0.06497395833333333 0.18200925925925926
10 0.6986588541666666 0.4338564814814815 0.020234375000000002 0.06030555555555555
10 0.34652083333333333 0.4085185185185185 0.021166666666666667 0.0874074074074074