14 0.4228645833333333 0.4006898148148148 0.06447916666666667 0.062490740740740736
14 0.4392578125 0.35912962962962963 0.04934895833333333 0.025666666666666664
14 0.404328125 0.7096481481481483 0.80865625 0.5748518518518518
14 0.8426458333333334 0.4140833333333333 0.020708333333333332 0.03927777777777778
14 0.7828489583333333 0.42636574074074074 0.05736458333333334 0.05087962962962963
14 0.77965625 0.3864768518518518 0.02285416666666667 0.02110185185185185
14 0.6189296875 0.39394907407407403 0.031609375 0.037898148148148146
14 0.6220833333333334 0.3732175925925926 0.02645833333333333 0.018657407407407407
10 0.5828567708333333 0.3895740740740741 0.008421875 0.04766666666666666
14 0.5531901041666667 0.3878564814814815 0.03658854166666667 0.051638888888888894
10 0.20215624999999998 0.36881018518518516 0.009520833333333334 0.03762037037037037
10 0.03829427083333334 0.4429814814814815 0.025546875 0.10633333333333334
14 0.007096354166666667 0.3475648148148148 0.013151041666666667 0.015499999999999998
14 0.050914062499999996 0.3399212962962963 0.011203125000000001 0.015027777777777779