10 0.831265625 0.9148611111111111 0.07503125000000001 0.16861111111111113
10 0.82328125 0.15031944444444442 0.0590625 0.16730555555555554
10 0.73125 0.5541666666666667 0.0375 0.16944444444444445
10 0.3980859375 0.9152361111111111 0.043046875 0.1693611111111111
10 0.83090625 0.4169027777777778 0.049312499999999995 0.16158333333333333
10 0.323828125 0.975 0.04140625 0.05
10 0.24729687500000003 0.09541666666666668 0.04771875 0.1575
10 0.1781328125 0.08559722222222223 0.050015624999999994 0.1656388888888889
10 0.190359375 0.13815277777777776 0.04009375 0.15408333333333332
10 0.0435078125 0.3311527777777778 0.030765625 0.1289722222222222
10 0.0521484375 0.36575 0.041796875 0.15372222222222223
10 0.0832890625 0.4124305555555555 0.032203125 0.1748611111111111
10 0.264890625 0.34370833333333334 0.05165625 0.17074999999999999
10 0.2827734375 0.26802777777777775 0.037421875 0.1527222222222222
10 0.34340625 0.35726388888888894 0.049312499999999995 0.16452777777777777
10 0.43735937500000005 0.08023611111111112 0.02784375 0.16047222222222224
10 0.48015625 0.14706944444444445 0.044687500000000005 0.17747222222222223
10 0.46507031249999997 0.23825000000000002 0.055140625 0.2042777777777778
10 0.6971640625 0.11333333333333333 0.041203125 0.18777777777777777
10 0.6814375 0.093375 0.031625 0.18675
10 0.9165234375000001 0.2192361111111111 0.058046875 0.17180555555555557
10 0.7941874999999999 0.5540694444444445 0.041499999999999995 0.14702777777777779
10 0.8159375000000001 0.7017222222222222 0.06937499999999999 0.16455555555555557
10 0.631515625 0.6744027777777778 0.03803125 0.15991666666666668
10 0.6329374999999999 0.8999722222222223 0.078375 0.1666111111111111
10 0.4748203125 0.6930138888888889 0.037140625 0.15269444444444444
10 0.5528671875 0.5845416666666666 0.043234375000000005 0.16352777777777777
10 0.42914062499999994 0.5788472222222222 0.05515625 0.17436111111111113
10 0.36559375 0.6262361111111111 0.0374375 0.21358333333333335
10 0.343171875 0.6639305555555555 0.039468750000000004 0.17230555555555555
10 0.21579687500000003 0.7156111111111111 0.05659375 0.16455555555555557