10 0.9529614093959732 0.6909375 0.026728187919463086 0.16758928571428572
10 0.18156879194630873 0.3494196428571429 0.03763422818791946 0.10955357142857143
10 0.9700671140939596 0.753095238095238 0.037449664429530204 0.19666666666666666
10 0.7653775167785235 0.5741517857142857 0.0273993288590604 0.15425595238095238
10 0.7527684563758389 0.5537351190476191 0.025671140939597315 0.14318452380952382
10 0.6067953020134228 0.6259523809523809 0.015604026845637584 0.09714285714285714
10 0.5693456375838926 0.5883184523809524 0.02459731543624161 0.146875
10 0.5268791946308724 0.6120535714285714 0.02355704697986577 0.12291666666666666
10 0.6977348993288591 0.4017559523809524 0.02634228187919463 0.13089285714285714
10 0.7370218120805369 0.4077976190476191 0.027734899328859062 0.13702380952380952
10 0.7231963087248322 0.29186011904761905 0.023573825503355707 0.1075297619047619
10 0.7153942953020134 0.3771428571428571 0.018036912751677854 0.11738095238095238
10 0.7511325503355705 0.29833333333333334 0.02911073825503356 0.12047619047619047
10 0.7505620805369128 0.23735119047619047 0.024614093959731544 0.046130952380952384
10 0.759018456375839 0.20973214285714287 0.018036912751677854 0.05041666666666667
10 0.7966778523489932 0.1941517857142857 0.022885906040268456 0.12044642857142857
10 0.9055704697986577 0.21324404761904764 0.022550335570469798 0.12291666666666666
10 0.7791526845637584 0.14069940476190476 0.018036912751677854 0.10877976190476189
10 0.7575671140939597 0.12816964285714286 0.021845637583892616 0.1075297619047619
10 0.31375000000000003 0.08023809523809525 0.02011744966442953 0.1069047619047619
10 0.17395973154362418 0.06998511904761905 0.019060402684563757 0.09830357142857143
10 0.05118288590604027 0.26486607142857144 0.021828859060402685 0.1130654761904762
10 0.030461409395973155 0.27 0.027365771812080535 0.11738095238095238
10 0.008389261744966443 0.2544642857142857 0.016778523489932886 0.11011904761904762
10 0.3478859060402685 0.22072916666666664 0.024630872483221475 0.108125
10 0.3842785234899329 0.2885565476190476 0.023590604026845638 0.12473214285714285
10 0.3686577181208054 0.27254464285714286 0.022550335570469798 0.12842261904761904
10 0.40318791946308724 0.34239583333333334 0.03120805369127517 0.08360119047619048
10 0.41215604026845637 0.4209375 0.035721476510067116 0.1394940476190476
10 0.26381711409395975 0.46260416666666665 0.024278523489932886 0.1394940476190476
10 0.2510318791946309 0.4374702380952381 0.02219798657718121 0.13089285714285714
10 0.23083053691275165 0.42482142857142857 0.028775167785234895 0.1413095238095238
10 0.21718120805369126 0.4560416666666666 0.024966442953020137 0.13827380952380952
10 0.10666946308724833 0.530967261904762 0.028775167785234895 0.13336309523809525
10 0.05389261744966443 0.5413244047619047 0.03395973154362416 0.13026785714285716
10 0.6261073825503356 0.9252380952380952 0.02738255033557047 0.14809523809523809
10 0.6661073825503355 0.9211309523809523 0.030201342281879196 0.15773809523809523