10 0.8501927083333333 0.06666666666666667 0.023302083333333334 0.1037037037037037
10 0.7705729166666667 0.3714675925925926 0.0359375 0.15219444444444444
10 0.7627239583333334 0.7366018518518518 0.06190625 0.1732037037037037
10 0.15358854166666666 0.48601388888888886 0.03634375 0.1627685185185185
10 0.3671875 0.6944444444444444 0.040625 0.18703703703703703
10 0.6391718750000001 0.18245833333333333 0.027302083333333334 0.1297314814814815
10 0.19832552083333335 0.07886574074074074 0.023734375 0.10773148148148147
10 0.4552083333333333 0.12407407407407407 0.022916666666666665 0.12222222222222222
10 0.5265625 0.15555555555555556 0.030208333333333334 0.12222222222222222
10 0.4986302083333333 0.22314814814814815 0.03059375 0.1259259259259259
10 0.063515625 0.17801851851851852 0.02703125 0.11159259259259259
10 0.4283854166666667 0.13148148148148148 0.024479166666666666 0.11666666666666667
10 0.47584895833333335 0.14135185185185184 0.02253125 0.11603703703703704
10 0.12216145833333333 0.0967361111111111 0.03494791666666666 0.11384259259259259
10 0.4088541666666667 0.49824537037037037 0.03854166666666667 0.1594537037037037
10 0.6182968750000001 0.20161111111111113 0.02409375 0.12359259259259259
10 0.9486979166666667 0.19490740740740742 0.030729166666666665 0.12129629629629629
10 0.3085338541666667 0.2283888888888889 0.024359375000000003 0.0827037037037037
10 0.8328958333333334 0.06583796296296296 0.022041666666666668 0.10019444444444443
10 0.7829635416666666 0.5159583333333333 0.04301041666666667 0.15969444444444444
10 0.689734375 0.05606481481481481 0.02321875 0.09546296296296296
10 0.8953984375 0.20058333333333334 0.033505208333333335 0.12894444444444444
10 0.3896354166666667 0.0559212962962963 0.021979166666666668 0.09332407407407407
10 0.5786458333333333 0.09115740740740741 0.021875 0.09527777777777778
10 0.7317395833333333 0.10977777777777778 0.018687500000000003 0.12696296296296297
10 0.3834609375 0.29156944444444444 0.033588541666666666 0.13869444444444443
10 0.6103333333333333 0.5391111111111111 0.034208333333333334 0.14118518518518516
10 0.0455078125 0.8268518518518518 0.05768229166666667 0.1814814814814815
10 0.6223958333333334 0.9382037037037037 0.059375 0.11900000000000001
10 0.19489583333333332 0.5279722222222223 0.03145833333333333 0.13927777777777778
10 0.9557291666666666 0.025416666666666667 0.016666666666666666 0.050833333333333335
10 0.99453125 0.13825462962962962 0.0109375 0.09132407407407407
10 0.2519453125 0.5362453703703703 0.027848958333333333 0.1280462962962963
10 0.8855130208333333 0.06991666666666667 0.029359375 0.11946296296296298
10 0.08927083333333334 0.025685185185185182 0.02333333333333333 0.051370370370370365
10 0.48097656250000004 0.04055092592592593 0.020286458333333333 0.07925
10 0.23061979166666668 0.5094259259259258 0.028947916666666667 0.10774074074074073
10 0.21597395833333335 0.5488611111111111 0.04132291666666667 0.14957407407407405
10 0.9830729166666666 0.7310185185185185 0.033854166666666664 0.10277777777777777
10 0.7398697916666667 0.044273148148148145 0.02140625 0.08854629629629629
10 0.6730260416666667 0.08033796296296296 0.016885416666666667 0.07178703703703704
10 0.3120390625 0.3174861111111111 0.03136979166666667 0.12756481481481483
10 0.18984375 0.021296296296296296 0.0234375 0.04259259259259259