10 0.5285520833333334 0.08931018518518519 0.021687500000000002 0.10639814814814814
10 0.5139427083333333 0.9100787037037037 0.05288541666666667 0.17571296296296296
10 0.4065651041666667 0.7862175925925926 0.042296875 0.17613888888888887
10 0.7872838541666667 0.11513888888888889 0.026651041666666667 0.12657407407407406
10 0.6471640625 0.6176388888888888 0.037036458333333334 0.13898148148148148
10 0.2632526041666667 0.8444444444444444 0.04421354166666667 0.17222222222222222
10 0.5705963541666667 0.18814814814814815 0.029734375 0.13
10 0.6575520833333334 0.2740740740740741 0.03177083333333333 0.1425925925925926
10 0.3796875 0.37592592592592594 0.035416666666666666 0.16296296296296298
10 0.48854166666666665 0.375 0.029166666666666667 0.14629629629629629
10 0.19024479166666666 0.5038472222222222 0.034656250000000006 0.12806481481481483
10 0.03660677083333333 0.17328703703703704 0.031546875 0.11138888888888888
10 0.5022005208333333 0.08460185185185186 0.027317708333333336 0.11920370370370371
10 0.34874739583333336 0.07037037037037037 0.02978645833333333 0.09814814814814815
10 0.11960416666666666 0.16407407407407407 0.034 0.12444444444444445
10 0.5465338541666667 0.7235046296296296 0.044109375 0.1766388888888889
10 0.5460677083333334 0.28732407407407407 0.02234375 0.12464814814814815
10 0.72890625 0.08271296296296296 0.019270833333333334 0.12653703703703703
10 0.3678020833333333 0.05092592592592592 0.0220625 0.10185185185185185
10 0.6551067708333334 0.07232870370370371 0.021671875 0.10021296296296296
10 0.24632812499999998 0.5086064814814815 0.029114583333333333 0.12462037037037037
10 0.9877135416666667 0.14452314814814815 0.024385416666666666 0.07423148148148148
10 0.9456666666666667 0.43278240740740737 0.03820833333333333 0.16186111111111112
10 0.11035416666666667 0.8675185185185185 0.05404166666666667 0.16096296296296297
10 0.2828125 0.9833333333333333 0.0375 0.03333333333333333
10 0.390625 0.028703703703703703 0.014583333333333334 0.05740740740740741
10 0.45807291666666666 0.030555555555555555 0.0171875 0.06111111111111111
10 0.9392135416666666 0.01875 0.03676041666666666 0.0375
10 0.9885416666666667 0.22824074074074074 0.022916666666666665 0.17314814814814813
10 0.9662213541666667 0.24816666666666665 0.02619270833333333 0.11485185185185186
10 0.6416666666666667 0.03564814814814815 0.01875 0.0712962962962963
10 0.6107994791666667 0.03687037037037037 0.016390625 0.07374074074074075
10 0.5999583333333334 0.048791666666666664 0.016583333333333332 0.0716574074074074
10 0.4874375 0.030342592592592595 0.024874999999999998 0.06068518518518519
10 0.4325390625 0.029166666666666667 0.015078125 0.058333333333333334
10 0.059765625 0.018962962962962963 0.03411458333333333 0.037925925925925925
10 0.2319921875 0.47376851851851853 0.020234375000000002 0.09938888888888889
10 0.21730208333333334 0.5181527777777778 0.041895833333333334 0.14926851851851852