10 0.5792838541666666 0.6778564814814815 0.04502604166666667 0.16867592592592592
10 0.4934895833333333 0.3263888888888889 0.03177083333333333 0.13240740740740742
10 0.40520833333333334 0.32175925925925924 0.027083333333333334 0.13240740740740742
10 0.8317395833333333 0.58075 0.0436875 0.1577962962962963
10 0.9353151041666667 0.315625 0.040421875 0.1423611111111111
10 0.5859791666666666 0.17197222222222222 0.029249999999999998 0.1069074074074074
10 0.37421875 0.4532407407407407 0.033854166666666664 0.16203703703703703
10 0.48125 0.07299074074074074 0.020833333333333332 0.11264814814814815
10 0.8574635416666666 0.090375 0.01909375 0.10112037037037036
10 0.8759973958333334 0.09004166666666667 0.022828124999999998 0.11156481481481481
10 0.4574635416666667 0.11342592592592593 0.023260416666666665 0.11388888888888889
10 0.9163177083333333 0.5141388888888889 0.03992708333333333 0.15605555555555556
10 0.11798177083333333 0.6885416666666667 0.04638020833333333 0.1752314814814815
10 0.7299479166666667 0.10046296296296296 0.019270833333333334 0.1287037037037037
10 0.9262890625 0.22268518518518518 0.03591145833333333 0.1287037037037037
10 0.6213541666666667 0.3800925925925926 0.029166666666666667 0.11944444444444445
10 0.3825182291666666 0.15969907407407408 0.027536458333333333 0.12680555555555553
10 0.5357526041666667 0.25075462962962963 0.028796875 0.14225
10 0.32083333333333336 0.4203703703703704 0.035416666666666666 0.13148148148148148
10 0.632203125 0.7772500000000001 0.04148958333333333 0.17857407407407408
10 0.03770572916666667 0.11031944444444446 0.024369791666666665 0.09841666666666667
10 0.505296875 0.06702777777777778 0.017885416666666668 0.11368518518518518
10 0.2073984375 0.03262037037037037 0.025213541666666665 0.06524074074074074
10 0.19252343749999998 0.5166666666666667 0.032963541666666665 0.14074074074074075
10 0.6286927083333332 0.08403703703703704 0.02509375 0.11807407407407407
10 0.42651822916666665 0.10530555555555554 0.017619791666666666 0.11801851851851851
10 0.8439348958333334 0.7390833333333333 0.04516145833333333 0.1800185185185185
10 0.6765625 0.04537037037037037 0.020833333333333332 0.09074074074074075
10 0.7095807291666667 0.052675925925925925 0.023328124999999998 0.10535185185185185
10 0.24886979166666665 0.5263101851851851 0.02690625 0.1248425925925926
10 0.9518333333333333 0.018439814814814815 0.013041666666666667 0.03687962962962963
10 0.05630208333333333 0.16176388888888887 0.03239583333333333 0.11797222222222221
10 0.8991848958333333 0.13314814814814815 0.03274479166666667 0.1274074074074074
10 0.5583411458333334 0.9201527777777778 0.037515625000000004 0.15882407407407406
10 0.10202864583333333 0.9097453703703704 0.061348958333333335 0.17319444444444446
10 0.3140625 0.32314814814814813 0.026041666666666668 0.1037037037037037
10 0.9804348958333333 0.3036712962962963 0.03899479166666667 0.13326851851851854
10 0.99103125 0.18814351851851852 0.017479166666666667 0.09110185185185185
10 0.6643645833333333 0.07121296296296296 0.013104166666666667 0.06649999999999999
10 0.6104843750000001 0.10355555555555555 0.020968749999999998 0.11822222222222223
10 0.53053125 0.01930555555555556 0.03814583333333333 0.03861111111111112
10 0.13916666666666666 0.02398148148148148 0.023125 0.04796296296296296
10 0.22728125 0.48305092592592597 0.0295625 0.08091666666666666
10 0.21998697916666668 0.5364074074074073 0.041015625 0.14874074074074073
10 0.24962499999999999 0.023606481481481482 0.023208333333333334 0.047212962962962964