10 0.7768229166666667 0.07337037037037036 0.027604166666666666 0.12266666666666666
10 0.49453125 0.42777777777777776 0.0328125 0.15925925925925927
10 0.037164062500000004 0.1657962962962963 0.03266145833333333 0.11122222222222222
10 0.65703125 0.6912037037037037 0.04010416666666667 0.14166666666666666
10 0.5294270833333333 0.10462962962962963 0.021354166666666667 0.10555555555555556
10 0.19270833333333334 0.49583333333333335 0.03333333333333333 0.13240740740740742
10 0.2526041666666667 0.9162037037037037 0.04479166666666667 0.15462962962962962
10 0.7309895833333333 0.07479629629629629 0.0203125 0.12551851851851853
10 0.5700026041666667 0.14127314814814815 0.028546875000000003 0.12143518518518519
10 0.6606770833333333 0.21805555555555556 0.027604166666666666 0.1361111111111111
10 0.5473671875 0.23443055555555556 0.022859375 0.11700925925925926
10 0.38359375 0.31203703703703706 0.03802083333333333 0.14629629629629629
10 0.5255729166666667 0.9627453703703704 0.05739583333333333 0.07363888888888889
10 0.11988802083333333 0.18016203703703704 0.033526041666666666 0.1288425925925926
10 0.9768229166666667 0.1662361111111111 0.033854166666666664 0.12691666666666665
10 0.38060677083333333 0.06360185185185185 0.016421875 0.09757407407407406
10 0.9488854166666666 0.47014814814814815 0.044645833333333336 0.16066666666666668
10 0.6698697916666667 0.04837037037037037 0.019947916666666666 0.09674074074074074
10 0.40390625 0.6856481481481481 0.04010416666666667 0.15462962962962962
10 0.5020729166666666 0.1070787037037037 0.029145833333333333 0.12712037037037036
10 0.1375 0.9439814814814815 0.05520833333333333 0.11203703703703703
10 0.5505677083333332 0.8194444444444444 0.050093750000000006 0.2
10 0.7079687499999999 0.9294398148148147 0.051354166666666666 0.1403611111111111
10 0.6098958333333333 0.03427777777777778 0.01875 0.06855555555555556
10 0.6436536458333334 0.032407407407407406 0.017515625 0.06481481481481481
10 0.4602057291666667 0.022064814814814815 0.012078125 0.04412962962962963
10 0.24803645833333335 0.5028935185185185 0.027322916666666665 0.12060185185185185
10 0.80390625 0.9629629629629629 0.0484375 0.07407407407407407
10 0.9800833333333333 0.26940277777777777 0.034124999999999996 0.12769444444444444
10 0.9560859374999999 0.16814351851851853 0.041338541666666666 0.13073148148148148
10 0.9749166666666667 0.10065740740740742 0.026916666666666665 0.05687037037037037
10 0.9708333333333333 0.013425925925925926 0.03229166666666667 0.026851851851851852
10 0.5960416666666667 0.043912037037037034 0.012916666666666667 0.06930555555555555
10 0.4979166666666667 0.03148148148148148 0.028125 0.06296296296296296
10 0.43515625 0.015277777777777777 0.013020833333333334 0.030555555555555555
10 0.39303645833333334 0.011319444444444444 0.014197916666666668 0.02263888888888889
10 0.367765625 0.026773148148148147 0.018864583333333334 0.05354629629629629
10 0.2364609375 0.47914814814814816 0.02500520833333333 0.11755555555555555
10 0.21796875 0.5107129629629629 0.0421875 0.1492037037037037