3 0.518 0.7108433734939759 0.224 0.3313253012048193
3 0.365 0.7981927710843374 0.31 0.16265060240963855
10 0.16016 0.28518072289156626 0.12722 0.293222891566265
10 0.07016 0.40566265060240964 0.13632 0.12620481927710844
10 0.2147 0.402921686746988 0.11266 0.12894578313253013
10 0.26877999999999996 0.29954819277108435 0.1172 0.283644578313253
10 0.34742 0.4008734939759036 0.11628 0.13033132530120484
10 0.36424 0.27147590361445784 0.10628 0.29596385542168674
10 0.46558 0.3419879518072289 0.129 0.21795180722891566
10 0.49876 0.19810240963855422 0.17172 0.39617469879518075
10 0.6524 0.287921686746988 0.18259999999999998 0.33704819277108433
10 0.5865 0.23587349397590363 0.09262000000000001 0.2439156626506024
10 0.73422 0.34816265060240964 0.08806 0.21108433734939758
10 0.7005800000000001 0.13783132530120482 0.12442 0.27563253012048194
10 0.77558 0.21259036144578314 0.07078 0.4027409638554217
10 0.95872 0.2391867469879518 0.08254 0.4783734939759036
10 0.83692 0.2850602409638554 0.2335 0.5701204819277108