14 0.417 0.49733333333333335 0.834 0.9946666666666667
10 0.81014 0.3667733333333333 0.24931999999999999 0.7049333333333334
10 0.9811599999999999 0.15264 0.03768 0.22333333333333333
14 0.92012 0.10279999999999999 0.13246 0.104
10 0.83172 0.04805333333333333 0.03564 0.07309333333333333
10 0.31489999999999996 0.03248 0.05676 0.06493333333333334
10 0.22018000000000001 0.08176 0.07992 0.16293333333333335
10 0.14438 0.16024000000000002 0.14730000000000001 0.32048000000000004
10 0.04376 0.19674666666666668 0.08752 0.39349333333333336
10 0.9222400000000001 0.08525333333333333 0.03564 0.10538666666666667
10 0.8859199999999999 0.05928 0.030379999999999997 0.06746666666666667