14 0.543 0.521021021021021 0.906 0.93993993993994
10 0.05688 0.2775075075075075 0.11378 0.41249249249249254
10 0.11924 0.19624624624624623 0.08721999999999999 0.25546546546546545
10 0.08106000000000001 0.12456456456456455 0.04904 0.13390390390390391
10 0.03552 0.27612612612612614 0.07104 0.35243243243243244
10 0.16788 0.1825825825825826 0.053579999999999996 0.14894894894894894
10 0.19516 0.1457057057057057 0.04086 0.11345345345345345
10 0.21741999999999997 0.15594594594594594 0.04176 0.13120120120120118
10 0.14288 0.12387387387387387 0.023579999999999997 0.056096096096096094
10 0.96282 0.1388888888888889 0.07436 0.13801801801801802
10 0.59376 0.1703003003003003 0.02716 0.0806906906906907
10 0.25742000000000004 0.17096096096096097 0.03448 0.10117117117117116