14 0.15 0.3847305389221557 0.14 0.18263473053892215
14 0.132 0.38772455089820357 0.1 0.18862275449101795
14 0.473 0.5823353293413174 0.658 0.6437125748502994
10 0.89828 0.5008083832335329 0.20346 0.9983532934131736
10 0.53922 0.26302395209580837 0.05626 0.15808383233532933
10 0.6015 0.32020958083832335 0.12988 0.20709580838323355
10 0.04506 0.614940119760479 0.09014 0.37194610778443116
10 0.025079999999999998 0.3331437125748503 0.050140000000000004 0.22751497005988022
10 0.08924 0.3052395209580838 0.05996 0.1308682634730539
10 0.40696 0.24805389221556884 0.0281 0.04098802395209581
10 0.2756 0.26164670658682637 0.03084 0.06278443113772454
10 0.44832 0.2364670658682635 0.04536 0.07230538922155688
10 0.30060000000000003 0.25961077844311375 0.028120000000000003 0.03964071856287425