14 0.659 0.496 0.454 0.224
14 0.484 0.49066666666666664 0.244 0.15466666666666667
14 0.165 0.476 0.33 0.2
14 0.794 0.5346666666666666 0.404 0.3333333333333333
14 0.41 0.4746666666666667 0.164 0.10666666666666667
10 0.56436 0.09565333333333333 0.11988 0.19130666666666665
10 0.88014 0.1688 0.08195999999999999 0.17981333333333335
10 0.94486 0.18141333333333334 0.0451 0.13210666666666668
10 0.97378 0.19263999999999998 0.05242 0.14333333333333334
10 0.37383999999999995 0.08722666666666667 0.15990000000000001 0.17445333333333335
10 0.17122 0.06546666666666667 0.14624 0.13093333333333335
10 0.035859999999999996 0.05213333333333334 0.07174 0.10424000000000001