14 0.08975781249999999 0.5563333333333333 0.09201562499999999 0.1422962962962963
14 0.38314322916666665 0.30230092592592595 0.017328125000000003 0.024972222222222222
14 0.4928567708333333 0.2896944444444444 0.031546875 0.02198148148148148
14 0.6071666666666666 0.27929166666666666 0.03204166666666667 0.05673148148148149
14 0.699078125 0.28123611111111113 0.025239583333333333 0.029138888888888888
14 0.4427890625 0.4270138888888889 0.09078645833333333 0.09662037037037037
14 0.5097526041666667 0.3801574074074074 0.06325520833333334 0.06957407407407408
14 0.4270833333333333 0.2970648148148148 0.019791666666666666 0.031166666666666662
10 0.4506770833333333 0.3017314814814815 0.004479166666666667 0.016425925925925924
10 0.46856510416666663 0.30065277777777777 0.004838541666666666 0.021675925925925925
10 0.5373880208333334 0.29618518518518516 0.0060260416666666665 0.02014814814814815
10 0.497546875 0.4209907407407408 0.013843749999999998 0.07716666666666668
10 0.5173020833333334 0.4247546296296296 0.014812500000000001 0.08284259259259259