14 0.19987239583333333 0.6400185185185185 0.17266145833333332 0.23929629629629628
14 0.09758072916666667 0.5470416666666666 0.08161979166666668 0.10889814814814815
14 0.07239322916666667 0.45481944444444444 0.10520312500000001 0.06889814814814814
14 0.6927526041666667 0.328 0.05946354166666667 0.11340740740740742
14 0.5328828125 0.34687962962962965 0.07409895833333334 0.07153703703703704
14 0.6073177083333333 0.2819027777777778 0.03234375 0.054546296296296294
14 0.6321145833333334 0.3065462962962963 0.017354166666666667 0.042722222222222224
14 0.49141145833333333 0.29363425925925923 0.03594791666666666 0.026157407407407407
14 0.3815 0.3065 0.017166666666666667 0.02411111111111111
10 0.3394583333333333 0.39239814814814816 0.010166666666666666 0.05146296296296296
10 0.35068229166666665 0.39239814814814816 0.007614583333333333 0.05701851851851852
10 0.0285 0.5429490740740741 0.018458333333333334 0.10071296296296296
10 0.04122135416666666 0.5176759259259259 0.019942708333333333 0.09275925925925926