14 0.3661744791666667 0.6368935185185185 0.09901562500000001 0.16452777777777777
14 0.101234375 0.4674675925925926 0.08059375 0.06826851851851852
14 0.28217447916666666 0.44476851851851856 0.056015625 0.045092592592592594
14 0.6761901041666667 0.4827916666666666 0.06488020833333333 0.08780555555555555
14 0.6605729166666666 0.4710462962962963 0.0440625 0.05135185185185185
10 0.6367604166666666 0.4791574074074074 0.007895833333333333 0.0435
10 0.564453125 0.5125601851851852 0.01328125 0.06030555555555555
10 0.5778567708333333 0.5101249999999999 0.009880208333333333 0.05728703703703703
10 0.5963645833333333 0.48513888888888895 0.011479166666666667 0.051759259259259255
10 0.6082473958333333 0.5076064814814815 0.011286458333333334 0.06521296296296297
10 0.5841848958333333 0.41500462962962964 0.012119791666666666 0.039268518518518515
10 0.596875 0.4144490740740741 0.011458333333333333 0.05112037037037037
14 0.03569010416666667 0.45437500000000003 0.02138020833333333 0.042083333333333334
14 0.7796536458333333 0.3971296296296296 0.033265625 0.027592592592592592
14 0.8131406250000001 0.43392592592592594 0.04398958333333333 0.04933333333333333
14 0.8628255208333333 0.42968055555555557 0.013151041666666667 0.033435185185185186