14 0.5208723958333333 0.6265462962962962 0.20111979166666666 0.26235185185185184
14 0.13446875 0.687125 0.14914583333333334 0.2205462962962963
14 0.0648125 0.4229259259259259 0.04108333333333333 0.05325925925925926
14 0.013020833333333334 0.4393518518518518 0.026041666666666668 0.08055555555555556
14 0.46552864583333337 0.3809675925925926 0.105015625 0.07675
14 0.55246875 0.3478981481481482 0.04972916666666667 0.06987037037037036
14 0.6055755208333333 0.2813425925925926 0.03406770833333333 0.060833333333333336
14 0.7058619791666667 0.2858703703703704 0.03359895833333334 0.02914814814814815
14 0.49349479166666665 0.29551388888888885 0.04219791666666666 0.028064814814814813
10 0.028322916666666666 0.7454583333333333 0.03997916666666667 0.12054629629629629
10 0.5768229166666666 0.9671296296296297 0.04635416666666667 0.06574074074074074
10 0.7430651041666666 0.49403240740740745 0.021546875 0.12510185185185185
10 0.4986328125 0.41025 0.017057291666666665 0.0816111111111111
10 0.5112578125 0.40520833333333334 0.013140625 0.06967592592592593
10 0.07425 0.42008796296296297 0.011000000000000001 0.045731481481481484