14 0.21194791666666665 0.649375 0.14264583333333333 0.22097222222222224
14 0.6057864583333333 0.44693055555555555 0.11261458333333334 0.10497222222222223
14 0.6769635416666666 0.4298194444444444 0.03309375 0.048527777777777774
14 0.024679687500000002 0.4727037037037037 0.026442708333333335 0.04911111111111111
14 0.4027890625 0.433625 0.03578645833333333 0.03762037037037037
14 0.716640625 0.4054814814814815 0.020781249999999998 0.014666666666666666
14 0.48167447916666667 0.4010648148148148 0.027932291666666668 0.016944444444444446
14 0.518953125 0.4000138888888889 0.030614583333333334 0.016694444444444446
14 0.5180625 0.45643518518518517 0.061125 0.055462962962962964
14 0.8083802083333332 0.43374999999999997 0.04384375 0.047129629629629625
10 0.04292708333333333 0.480824074074074 0.007729166666666666 0.03757407407407407
10 0.31290625 0.5040324074074074 0.009145833333333332 0.056212962962962965
10 0.3839270833333333 0.43674999999999997 0.005354166666666666 0.03275925925925926
10 0.4110078125 0.4329074074074074 0.007432291666666666 0.03618518518518518
14 0.6117291666666667 0.48020833333333335 0.010958333333333332 0.05486111111111111
14 0.6636744791666668 0.4824629629629629 0.010682291666666668 0.053814814814814815
14 0.7108411458333334 0.4661666666666667 0.008140625 0.04714814814814815
14 0.7226874999999999 0.4577685185185185 0.006833333333333333 0.03961111111111111