14 0.4321640625 0.7965509259259259 0.31953645833333333 0.3968055555555556
14 0.41649479166666664 0.36574537037037036 0.08403125 0.07778703703703704
14 0.07136458333333333 0.4570787037037037 0.10731249999999999 0.06971296296296296
14 0.09854166666666667 0.41347222222222224 0.05333333333333334 0.07138888888888888
14 0.01863802083333333 0.44650462962962967 0.03727604166666666 0.05597222222222222
14 0.03225 0.3834768518518518 0.052000000000000005 0.03176851851851852
14 0.25300520833333334 0.3328055555555556 0.017468749999999998 0.03783333333333333
14 0.49115885416666666 0.29127777777777775 0.03752604166666666 0.02514814814814815
14 0.4492083333333333 0.2965555555555555 0.01925 0.026444444444444444
14 0.6073098958333334 0.2810138888888889 0.028161458333333333 0.05647222222222222
14 0.6992161458333332 0.28192592592592597 0.018223958333333335 0.026814814814814816
10 0.6431979166666667 0.3495925925925926 0.011395833333333332 0.05288888888888889