10 0.8125 0.6018518518518519 0.008333333333333333 0.046296296296296294
10 0.7997395833333333 0.6027777777777777 0.005729166666666666 0.040740740740740744
14 0.8674479166666667 0.6055555555555555 0.025520833333333333 0.05
14 0.43463541666666666 0.5236111111111111 0.0453125 0.03611111111111111
14 0.6065104166666667 0.5486111111111112 0.04114583333333333 0.03981481481481482
14 0.5182291666666666 0.5347222222222222 0.05 0.03611111111111111
14 0.5447916666666667 0.5194444444444445 0.029166666666666667 0.025925925925925925
14 0.5010416666666667 0.512962962962963 0.01875 0.016666666666666666
14 0.61953125 0.5055555555555555 0.008854166666666666 0.012962962962962963
14 0.6291666666666667 0.5083333333333333 0.008333333333333333 0.009259259259259259
14 0.6380208333333334 0.5092592592592593 0.010416666666666666 0.012962962962962963