10 0.40721093750000004 0.5555648148148148 0.014421875 0.0777962962962963
10 0.6801666666666667 0.4918657407407408 0.010333333333333333 0.059657407407407416
14 0.7198411458333334 0.4672962962962963 0.05009895833333333 0.10866666666666666
14 0.5989583333333334 0.5699074074074074 0.07708333333333334 0.16203703703703703
14 0.7716953125 0.47135185185185186 0.061098958333333335 0.10937037037037037
10 0.4913020833333333 0.5412824074074074 0.0253125 0.08071296296296296
10 0.6963541666666667 0.48884259259259266 0.009375 0.059166666666666666
14 0.48896875 0.41705092592592596 0.028979166666666667 0.04336111111111111
14 0.8675338541666666 0.47477777777777774 0.07777604166666667 0.09585185185185185
10 0.6181848958333334 0.44127314814814816 0.011369791666666665 0.03810185185185185
10 0.8189322916666666 0.4592314814814815 0.008697916666666666 0.05179629629629629
10 0.9041770833333334 0.49982870370370375 0.009395833333333332 0.05706481481481482
10 0.900015625 0.45490277777777777 0.007322916666666667 0.01721296296296296
14 0.745578125 0.40741203703703704 0.10469791666666667 0.09075000000000001