14 0.6787838541666668 0.416875 0.058609375 0.10782407407407407
14 0.34401302083333335 0.4010138888888889 0.21615104166666665 0.14832407407407408
14 0.7073932291666666 0.3453148148148148 0.046036458333333335 0.09803703703703703
14 0.6087369791666667 0.28276388888888887 0.03205729166666667 0.06182407407407407
14 0.4918020833333333 0.29618055555555556 0.041937499999999996 0.025694444444444443
14 0.026026041666666666 0.43602314814814813 0.05205208333333333 0.04426851851851852
10 0.07338541666666668 0.5361990740740741 0.015520833333333334 0.10202777777777777
10 0.053304687499999996 0.5111712962962963 0.012859375000000001 0.0871574074074074
10 0.0423203125 0.5178842592592593 0.014848958333333334 0.08391666666666667
10 0.5690078125 0.3766712962962963 0.013015625 0.06445370370370371
10 0.5456614583333333 0.3787037037037037 0.011114583333333334 0.06481481481481481
10 0.7594192708333334 0.49915277777777783 0.015713541666666667 0.12608333333333333