10 0.16459374999999998 0.5370694444444444 0.0135625 0.06673148148148147
14 0.5232135416666667 0.41878240740740735 0.10996874999999999 0.07089814814814814
10 0.34488541666666667 0.5279259259259259 0.017895833333333333 0.09474074074074074
14 0.25293229166666664 0.6573425925925926 0.09232291666666666 0.19801851851851854
10 0.4356171875 0.4255185185185185 0.012901041666666667 0.062148148148148154
10 0.18015364583333332 0.5211481481481481 0.015515625 0.07007407407407408
14 0.042690104166666666 0.4158888888888889 0.027046875 0.054
10 0.30880729166666665 0.5102037037037037 0.017614583333333333 0.08892592592592594
14 0.6435625 0.43775925925925924 0.12566666666666668 0.08477777777777779
10 0.26736458333333335 0.5239722222222222 0.012854166666666667 0.06646296296296296
14 0.6500104166666667 0.381125 0.0698125 0.06225000000000001