14 0.15987500000000002 0.6850092592592593 0.15308333333333335 0.26631481481481484
14 0.1350859375 0.5288564814814815 0.048296875 0.08363888888888889
14 0.4482630208333333 0.43346296296296294 0.10694270833333334 0.11507407407407408
14 0.7354531249999999 0.28828240740740746 0.028197916666666666 0.07656481481481481
14 0.6933203124999999 0.2819537037037037 0.021015625 0.02501851851851852
14 0.6074973958333333 0.2827824074074074 0.030619791666666667 0.05815740740740741
14 0.6362239583333333 0.311087962962963 0.01932291666666667 0.04625
14 0.4907369791666667 0.2918888888888889 0.037723958333333335 0.02451851851851852
10 0.11502083333333334 0.611638888888889 0.020666666666666667 0.051055555555555555
14 0.37902083333333336 0.3095046296296296 0.013250000000000001 0.03197222222222222
14 0.40379166666666666 0.31293055555555555 0.01904166666666667 0.03141666666666667