14 0.0068359375 0.3395740740740741 0.013671875 0.045814814814814815
14 0.25890625 0.3423009259259259 0.050104166666666665 0.05682407407407407
14 0.4176901041666667 0.30242592592592593 0.08121354166666667 0.058555555555555555
14 0.6352005208333333 0.4022222222222222 0.12977604166666665 0.1303703703703704
14 0.7734010416666667 0.26685185185185184 0.018677083333333334 0.02259259259259259
10 0.21379427083333333 0.38657407407407407 0.011963541666666666 0.04722222222222222
10 0.2347161458333333 0.38046759259259255 0.009015625 0.049824074074074076
10 0.25585677083333336 0.38930555555555557 0.012755208333333332 0.02861111111111111
10 0.5477291666666667 0.3355648148148148 0.007958333333333333 0.03038888888888889
10 0.5995598958333334 0.3281851851851852 0.009536458333333333 0.028592592592592593
14 0.006984375 0.40761574074074075 0.01396875 0.044861111111111115
14 0.375375 0.2828657407407407 0.03825 0.019435185185185184
14 0.7580182291666666 0.2577037037037037 0.012911458333333332 0.035777777777777776