10 0.4744791666666667 0.7694444444444445 0.041666666666666664 0.1814814814814815
10 0.55571875 0.65825 0.0301875 0.15353703703703703
10 0.5125 0.6925925925925925 0.027083333333333334 0.15925925925925927
14 0.37065885416666666 0.552537037037037 0.09548437500000001 0.11062962962962963
14 0.011197916666666667 0.5680555555555555 0.022395833333333334 0.0712962962962963
10 0.22291666666666668 0.9421296296296297 0.071875 0.11574074074074074
14 0.25677083333333334 0.8453703703703703 0.5135416666666667 0.30925925925925923
10 0.4820729166666667 0.6085879629629629 0.024562499999999998 0.11717592592592592
10 0.4508255208333333 0.5929351851851852 0.024567708333333334 0.10994444444444444
10 0.43884375000000003 0.5841481481481482 0.016229166666666666 0.10348148148148148
10 0.3831171875 0.6095462962962962 0.024567708333333334 0.0765
10 0.34482031249999995 0.6061435185185186 0.027140624999999998 0.05673148148148149
10 0.33572395833333335 0.5887222222222223 0.024572916666666667 0.08485185185185186
10 0.3089895833333333 0.5866435185185186 0.019020833333333334 0.05291666666666667