14 0.22537239583333335 0.6764351851851852 0.20074479166666667 0.2769444444444445
14 0.4679322916666667 0.40055092592592595 0.08065625000000001 0.09184259259259259
14 0.5617968750000001 0.3815324074074074 0.07046875000000001 0.08158333333333333
14 0.6048749999999999 0.2866990740740741 0.03266666666666666 0.058583333333333334
14 0.6905286458333334 0.2875972222222222 0.023765625000000002 0.03075
14 0.49368489583333336 0.2984907407407407 0.038411458333333336 0.02661111111111111
14 0.24461979166666667 0.39540277777777777 0.040281250000000005 0.07228703703703702
14 0.23020052083333334 0.506199074074074 0.087484375 0.11980555555555554
14 0.09119270833333333 0.3888333333333333 0.03551041666666667 0.05174074074074074
10 0.6932109375 0.339337962962963 0.009338541666666667 0.05275
10 0.7051093749999999 0.333712962962963 0.008135416666666666 0.048907407407407406
14 0.453046875 0.3386712962962963 0.029010416666666667 0.06252777777777778