14 0.4839609375 0.3903240740740741 0.05958854166666667 0.08249999999999999
14 0.5746249999999999 0.3790648148148148 0.06904166666666667 0.08220370370370371
14 0.6043880208333333 0.2851574074074074 0.033776041666666666 0.0592037037037037
14 0.6541484375 0.2939212962962963 0.017671875 0.030435185185185183
14 0.4917552083333333 0.2965324074074074 0.039760416666666666 0.0245462962962963
14 0.34420833333333334 0.3102129629629629 0.025916666666666664 0.02598148148148148
14 0.4521380208333333 0.3364212962962963 0.030317708333333335 0.05802777777777778
14 0.16625520833333332 0.4263888888888889 0.04813541666666667 0.0787037037037037
14 0.042145833333333334 0.4549722222222222 0.059291666666666666 0.08216666666666667
10 0.0553046875 0.4216990740740741 0.006442708333333333 0.030435185185185183
10 0.3725807291666667 0.3513981481481481 0.0076614583333333335 0.037981481481481484
10 0.3837994791666667 0.3499259259259259 0.008223958333333333 0.03874074074074074