10 0.71421875 0.5360138888888889 0.014895833333333334 0.07943518518518519
10 0.8255833333333332 0.4920648148148148 0.0095 0.0582037037037037
10 0.5400520833333334 0.45685185185185184 0.0103125 0.048888888888888885
10 0.6971979166666666 0.43729166666666663 0.0079375 0.04310185185185185
10 0.8562890625 0.44519444444444445 0.010494791666666666 0.04594444444444444
10 0.8354140624999999 0.4325787037037037 0.007286458333333333 0.04293518518518518
10 0.8412421875 0.6055231481481482 0.023109374999999998 0.07215740740740742
14 0.6012473958333333 0.5745046296296297 0.07436979166666666 0.15641666666666668
14 0.5511640624999999 0.41618055555555555 0.055453125 0.04162037037037037
10 0.6856848958333334 0.4374351851851852 0.006786458333333333 0.04709259259259259
14 0.5162760416666666 0.4554120370370371 0.04296875 0.05897222222222222
10 0.7061432291666667 0.5232777777777777 0.012286458333333333 0.07248148148148148
10 0.8803151041666666 0.6151898148148148 0.023130208333333332 0.0970462962962963
14 0.40084895833333334 0.6308101851851852 0.11003125 0.14125000000000001
14 0.5015234375 0.41639814814814813 0.047838541666666665 0.05316666666666667
14 0.18040364583333332 0.4804398148148148 0.056640625 0.04421296296296296
10 0.9260052083333333 0.4164861111111111 0.006177083333333333 0.03112037037037037