14 0.5215963541666667 0.6288194444444445 0.19944270833333333 0.26134259259259257
14 0.4653958333333333 0.3826157407407408 0.10475 0.07819444444444444
14 0.49306510416666666 0.29463425925925923 0.041338541666666666 0.026305555555555554
14 0.6046354166666668 0.2841851851851852 0.033229166666666664 0.059111111111111114
14 0.7059166666666666 0.284837962962963 0.029541666666666667 0.030787037037037036
10 0.67890625 0.9157407407407407 0.05572916666666667 0.1685185185185185
10 0.82109375 0.924537037037037 0.05260416666666667 0.15092592592592594
10 0.49927604166666667 0.41141203703703705 0.013135416666666667 0.07652777777777778
10 0.5123984375 0.4066111111111111 0.011255208333333332 0.07433333333333333
10 0.185515625 0.42776851851851855 0.01894791666666667 0.03701851851851851
14 0.007348958333333333 0.4554537037037037 0.014697916666666666 0.04053703703703704