14 0.2518671875 0.6603148148148148 0.09227604166666666 0.19655555555555557
10 0.4665026041666666 0.48525000000000007 0.016338541666666668 0.0816111111111111
14 0.5232421875 0.4193148148148148 0.11002604166666667 0.07011111111111111
14 0.6436744791666666 0.43717129629629625 0.12484895833333334 0.08545370370370371
10 0.5513619791666666 0.38556018518518514 0.013140625 0.03037962962962963
10 0.06797135416666666 0.5367592592592593 0.018234375 0.040185185185185185
10 0.09218489583333334 0.5217175925925926 0.014578124999999999 0.0619537037037037
10 0.6637109375 0.4422731481481481 0.013880208333333333 0.06973148148148148
10 0.45434895833333333 0.4668703703703704 0.012864583333333334 0.07818518518518518
10 0.5717942708333333 0.38584259259259257 0.012338541666666668 0.032796296296296296
10 0.5419609375000001 0.38807870370370373 0.011005208333333332 0.02060185185185185
14 0.6489453125 0.3812962962962963 0.07080729166666666 0.060740740740740734
10 0.5342890625 0.3850972222222222 0.006078125 0.023898148148148148