10 0.05520833333333333 0.6666666666666666 0.014583333333333334 0.06666666666666667
14 0.5250911458333333 0.6489259259259259 0.09809895833333333 0.14600000000000002
14 0.0161328125 0.527375 0.026015625 0.03252777777777778
10 0.35665885416666665 0.6453888888888889 0.020609375 0.063
10 0.1670104166666667 0.7210462962962964 0.0194375 0.10505555555555555
10 0.08567708333333333 0.6560185185185186 0.018229166666666668 0.026851851851851852
14 0.14169010416666666 0.47925 0.018796875 0.025166666666666667
10 0.41913802083333335 0.6540694444444445 0.024734375 0.08776851851851852
10 0.3612083333333333 0.6880694444444444 0.025541666666666667 0.10021296296296296
14 0.4189244791666667 0.48785185185185187 0.028473958333333334 0.03866666666666666
14 0.36860156250000004 0.43471759259259257 0.017411458333333334 0.017583333333333333
14 0.2935260416666667 0.44583333333333336 0.027677083333333335 0.028703703703703703
14 0.15377604166666667 0.46861574074074075 0.009635416666666667 0.009453703703703704
14 0.018994791666666667 0.639912037037037 0.037989583333333334 0.08167592592592592