14 0.24100520833333333 0.472462962962963 0.06742708333333333 0.05048148148148148
14 0.3288151041666667 0.5223333333333333 0.10138020833333333 0.07614814814814815
10 0.11848177083333335 0.6259722222222222 0.021338541666666665 0.06861111111111111
10 0.1375 0.5320462962962963 0.0125 0.06409259259259259
10 0.8157031250000001 0.4591203703703704 0.005364583333333334 0.02935185185185185
10 0.8115364583333334 0.45870370370370367 0.005364583333333334 0.02851851851851852
10 0.3421822916666667 0.5592037037037038 0.023947916666666666 0.04988888888888889
10 0.7931692708333333 0.461212962962963 0.0050885416666666666 0.026129629629629628
10 0.8351822916666667 0.45625 0.0047395833333333335 0.02546296296296296
14 0.2520364583333333 0.45069907407407406 0.09886458333333333 0.03473148148148148
14 0.7463619791666667 0.45295833333333335 0.021890625 0.02999074074074074