14 0.397953125 0.28544444444444445 0.03444791666666667 0.033851851851851855
14 0.6634348958333334 0.2540046296296296 0.023744791666666668 0.019120370370370367
14 0.8423072916666666 0.32208333333333333 0.035656249999999994 0.05157407407407408
14 0.5769036458333333 0.25607407407407407 0.034015625 0.019555555555555555
14 0.6832552083333333 0.2554351851851852 0.016510416666666666 0.029388888888888888
10 0.30483333333333335 0.30259722222222224 0.007583333333333333 0.029268518518518517
14 0.021015625 0.3346342592592592 0.03578125 0.032231481481481486
14 0.84059375 0.2658888888888889 0.020770833333333336 0.026222222222222223
14 0.6216197916666667 0.24675 0.014072916666666666 0.015722222222222224
14 0.42409895833333333 0.29515277777777776 0.023197916666666665 0.04400925925925926
14 0.4829375 0.25284259259259256 0.009625 0.01864814814814815
10 0.35561979166666663 0.06722222222222221 0.003947916666666666 0.023333333333333334