10 0.4105052083333333 0.4567083333333333 0.01684375 0.09119444444444444
10 0.27760416666666665 0.4949074074074074 0.017708333333333333 0.10462962962962963
10 0.3806145833333333 0.45968055555555554 0.020604166666666666 0.09158333333333334
14 0.4937005208333333 0.29915740740740737 0.03844270833333333 0.02424074074074074
14 0.4686692708333334 0.4319953703703704 0.111296875 0.10658333333333334
14 0.1685234375 0.5235416666666666 0.07350520833333334 0.12671296296296294
14 0.6942161458333334 0.2894861111111111 0.026973958333333332 0.02712037037037037
10 0.4327239583333334 0.4560648148148148 0.016489583333333332 0.09731481481481481
14 0.6522604166666667 0.31497685185185187 0.028479166666666667 0.05402777777777778
14 0.30690364583333335 0.43421759259259257 0.10651562499999999 0.1443611111111111
14 0.6066145833333334 0.2857314814814815 0.03197916666666666 0.058499999999999996
10 0.5653307291666666 0.2987592592592593 0.004619791666666666 0.019740740740740743
10 0.5601328124999999 0.2992962962962963 0.005682291666666667 0.020814814814814814
10 0.5601979166666666 0.3238055555555555 0.0047708333333333335 0.017981481481481484
14 0.5364192708333333 0.30191203703703706 0.017630208333333335 0.03345370370370371
14 0.5723020833333333 0.3325740740740741 0.03210416666666667 0.050333333333333334