10 0.41248177083333337 0.5036527777777778 0.018713541666666667 0.0906388888888889
10 0.2667109375 0.47226851851851853 0.017796875 0.07787037037037037
14 0.4814557291666667 0.49583796296296295 0.13061979166666665 0.1083425925925926
10 0.3080208333333333 0.45448611111111115 0.013958333333333333 0.07193518518518519
10 0.18195833333333333 0.5264675925925927 0.016 0.060342592592592594
10 0.159015625 0.5666666666666667 0.026364583333333334 0.0962962962962963
14 0.13903645833333333 0.39537037037037037 0.03744791666666667 0.053703703703703705
14 0.25180989583333335 0.6470787037037037 0.093203125 0.1904537037037037
10 0.3131979166666667 0.4452731481481481 0.0118125 0.07387962962962964
10 0.5343046875 0.4383287037037037 0.012359375 0.03036111111111111
14 0.37492708333333336 0.3806203703703704 0.05714583333333333 0.08531481481481482
10 0.0818046875 0.6056527777777778 0.018817708333333336 0.10204629629629629