10 0.8116588541666666 0.4283842592592592 0.008734374999999999 0.043805555555555556
10 0.828265625 0.4322314814814815 0.013822916666666666 0.04224074074074074
14 0.5016640625000001 0.4383425925925926 0.059578125 0.05446296296296296
14 0.5519609375000001 0.4121296296296296 0.054963541666666664 0.04092592592592593
10 0.5399791666666667 0.48711574074074077 0.006 0.059416666666666666
10 0.5463098958333333 0.49273148148148144 0.010328124999999999 0.05768518518518518
10 0.9063411458333334 0.6737731481481481 0.021015625 0.07902777777777777
14 0.8980364583333333 0.5127824074074073 0.039822916666666666 0.07741666666666666
10 0.9840833333333333 0.763425925925926 0.03170833333333333 0.11944444444444445
14 0.401109375 0.627625 0.11055208333333333 0.14043518518518516
10 0.8889843749999999 0.43974537037037037 0.007135416666666667 0.0424537037037037
14 0.7409505208333333 0.40217592592592594 0.11315104166666666 0.08953703703703704
14 0.17904947916666666 0.47871296296296295 0.05497395833333333 0.050018518518518525
14 0.4204713541666667 0.4547083333333333 0.07531770833333334 0.07052777777777777
14 0.50928125 0.41158796296296296 0.0623125 0.05280555555555556
10 0.8203203125 0.4309212962962963 0.0062656249999999995 0.03776851851851852
10 0.8799713541666667 0.4646064814814815 0.004734375 0.04958333333333333