14 0.12569531250000002 0.7118842592592592 0.23368229166666668 0.2867314814814815
14 0.14184114583333332 0.5447361111111112 0.06284895833333333 0.11539814814814814
14 0.44838802083333335 0.42742592592592593 0.10302604166666667 0.1067037037037037
14 0.7333385416666667 0.29312499999999997 0.032302083333333335 0.06587962962962964
14 0.6928880208333333 0.2822592592592592 0.023276041666666667 0.02748148148148148
14 0.6368203124999999 0.31038888888888894 0.020515625 0.0467037037037037
14 0.6081432291666666 0.28043055555555557 0.030869791666666667 0.05530555555555555
14 0.3794791666666667 0.31022222222222223 0.01625 0.03155555555555555
14 0.49227604166666666 0.29275 0.03767708333333333 0.02624074074074074
10 0.0211796875 0.5669583333333333 0.018401041666666666 0.07465740740740741
10 0.0046875 0.5800925925925926 0.009375 0.10277777777777777
10 0.45784375 0.30767592592592596 0.004229166666666667 0.020907407407407406
10 0.4433307291666667 0.31248148148148147 0.003328125 0.015703703703703706
10 0.4479869791666667 0.31249074074074074 0.003265625 0.015722222222222224