14 0.20036979166666666 0.5514722222222223 0.07469791666666666 0.04738888888888889
14 0.3226614583333333 0.4998055555555555 0.029697916666666668 0.044055555555555556
14 0.06479947916666667 0.5524814814814815 0.07230729166666668 0.06977777777777777
14 0.11157552083333333 0.5371296296296296 0.048151041666666665 0.037222222222222226
14 0.13237760416666666 0.5080601851851853 0.050171875 0.03834259259259259
14 0.14470572916666666 0.49769907407407404 0.044619791666666665 0.030583333333333334
14 0.16392447916666666 0.4900092592592593 0.03930729166666667 0.03372222222222222
14 0.18424739583333333 0.4849351851851852 0.03203645833333333 0.03468518518518519
14 0.34583854166666667 0.42336574074074074 0.016677083333333335 0.020805555555555553
10 0.34442968749999997 0.5118055555555555 0.008651041666666666 0.04583333333333333
10 0.34062760416666665 0.49265740740740743 0.0072968749999999995 0.03901851851851852