10 0.12475520833333334 0.7465972222222222 0.03701041666666667 0.20245370370370372
10 0.5280104166666667 0.430875 0.014354166666666666 0.06730555555555555
10 0.5891067708333334 0.38616666666666666 0.013630208333333334 0.0778888888888889
10 0.524421875 0.39355555555555555 0.009260416666666667 0.02785185185185185
10 0.3889270833333333 0.3395972222222222 0.0080625 0.03289814814814815
10 0.2794010416666667 0.3619583333333333 0.007760416666666667 0.035027777777777776
14 0.6877682291666667 0.2898796296296296 0.030744791666666667 0.02790740740740741
14 0.6056119791666668 0.28803703703703704 0.03309895833333333 0.0594074074074074
14 0.493765625 0.2990601851851852 0.038572916666666665 0.025898148148148146
14 0.6400416666666667 0.3832962962962963 0.059250000000000004 0.08140740740740741
14 0.48439062499999996 0.42477314814814815 0.10211458333333333 0.10880555555555556
14 0.5638984375 0.3806712962962963 0.07258854166666667 0.08356481481481481
14 0.34848697916666665 0.3538101851851852 0.038640625 0.055768518518518516
14 0.30076302083333334 0.35783796296296294 0.027567708333333333 0.054564814814814816
14 0.15000260416666666 0.4356759259259259 0.056255208333333334 0.08246296296296296