14 0.7171484375 0.42792129629629627 0.09158854166666666 0.09843518518518518
14 0.5455651041666666 0.5041481481481481 0.06300520833333333 0.08237037037037036
14 0.9115052083333333 0.3555787037037037 0.05426041666666667 0.09078703703703704
14 0.7724401041666666 0.4141481481481481 0.061546875 0.06903703703703704
14 0.9902447916666667 0.23568518518518516 0.01903125 0.017666666666666664
14 0.9754401041666667 0.23752777777777775 0.023796875 0.0195
14 0.05014322916666667 0.5851759259259259 0.027369791666666664 0.03887037037037037
14 0.8612760416666667 0.3726481481481481 0.11421875000000001 0.099
14 0.4030546875 0.5516574074074073 0.049859375000000004 0.0847962962962963
14 0.98671875 0.274537037037037 0.0265625 0.041666666666666664
14 0.8679322916666667 0.5377592592592593 0.16190625 0.13848148148148148
10 0.6105755208333333 0.8649722222222221 0.054484375 0.21142592592592593
10 0.5808515624999999 0.8183981481481482 0.04191145833333333 0.20161111111111113