14 0.34128906249999996 0.2874537037037037 0.170078125 0.10083333333333334
14 0.494203125 0.2606273148148148 0.10455208333333334 0.08606944444444445
14 0.5838671875 0.26835185185185184 0.11096354166666668 0.09040740740740741
14 0.6516145833333333 0.2695324074074074 0.0553125 0.07517592592592592
14 0.79633203125 0.36319212962962966 0.07964322916666666 0.11156944444444444
14 0.6836888020833333 0.4244884259259259 0.16112760416666666 0.3832361111111111
14 0.41772786458333333 0.2549166666666667 0.05733072916666667 0.0515
10 0.597875 0.4245069444444444 0.025958333333333337 0.15919907407407408
10 0.5607981770833333 0.41157638888888887 0.020033854166666667 0.14352314814814815
10 0.5380794270833333 0.3848611111111111 0.03501302083333333 0.13546296296296298
10 0.5596588541666667 0.3500972222222222 0.021921875 0.10389814814814814
10 0.6024622395833333 0.3453703703703704 0.0241953125 0.062037037037037036
10 0.6115807291666666 0.33311574074074074 0.016390625 0.07456481481481482
10 0.5139635416666667 0.3664027777777778 0.025322916666666664 0.13187962962962962
10 0.49899609375 0.41035185185185186 0.017263020833333333 0.14107407407407407
10 0.4981510416666667 0.3325740740740741 0.017135416666666667 0.058666666666666666
10 0.48659505208333337 0.38365740740740745 0.0190234375 0.14509259259259258
10 0.4754127604166667 0.39692361111111113 0.018013020833333334 0.14106944444444444
10 0.47962109374999995 0.3184513888888889 0.023304687499999997 0.06560648148148149
10 0.45587890625 0.3497615740740741 0.0258203125 0.12359722222222223
10 0.35715755208333333 0.32684953703703706 0.0273359375 0.12314351851851853
10 0.309625 0.40808333333333335 0.03904166666666666 0.14487037037037037
10 0.24698046875 0.38655324074074077 0.0361484375 0.13792129629629632