14 0.025541666666666667 0.3954027777777778 0.04691666666666667 0.038953703703703706
14 0.3941015625 0.43230555555555555 0.11736979166666667 0.07942592592592593
14 0.3205494791666667 0.3238009259259259 0.029640624999999997 0.034638888888888886
14 0.09897395833333333 0.3784074074074074 0.054197916666666665 0.038296296296296294
14 0.2391875 0.3450740740740741 0.03254166666666666 0.04385185185185185
14 0.37094270833333337 0.5618703703703704 0.06792708333333333 0.13114814814814812
10 0.19664322916666668 0.36899537037037033 0.007869791666666666 0.032435185185185185
10 0.18628125 0.4987175925925926 0.0194375 0.04558333333333333
10 0.2939244791666667 0.50225 0.012848958333333334 0.08968518518518519
10 0.5738046874999999 0.42565277777777777 0.015317708333333334 0.06797222222222223
10 0.6311666666666667 0.4145601851851852 0.013375 0.06060185185185185
14 0.521796875 0.4842685185185185 0.07380208333333332 0.11298148148148147