14 0.12953125 0.7122037037037038 0.2278125 0.30033333333333334
14 0.44923697916666666 0.4209259259259259 0.105765625 0.12518518518518518
14 0.6078307291666667 0.2828935185185185 0.032328125 0.060231481481481476
14 0.6771223958333333 0.28804166666666664 0.03861979166666667 0.07237962962962963
14 0.7362005208333334 0.287962962962963 0.02969270833333333 0.07407407407407407
14 0.49038541666666663 0.2934953703703704 0.030770833333333334 0.024027777777777776
14 0.3801015625 0.31130555555555556 0.016453125 0.03372222222222222
14 0.1392578125 0.5440833333333334 0.091015625 0.10853703703703703
10 0.08389322916666667 0.5759953703703704 0.019869791666666668 0.07421296296296297
10 0.710875 0.31669444444444445 0.008208333333333333 0.040796296296296296
10 0.6840677083333334 0.2907222222222222 0.008760416666666666 0.04070370370370371