10 0.7975572916666667 0.633425925925926 0.00865625 0.05203703703703704
10 0.8510416666666667 0.5654583333333334 0.007291666666666667 0.03091666666666667
10 0.8214635416666667 0.6208148148148148 0.008552083333333333 0.050888888888888886
10 0.774109375 0.5537824074074075 0.006552083333333333 0.02052777777777778
10 0.8136458333333334 0.6157314814814815 0.008541666666666666 0.044425925925925924
10 0.7996432291666667 0.600925925925926 0.006578125000000001 0.020370370370370372
14 0.8494401041666666 0.6119074074074075 0.043671875 0.06085185185185185
14 0.9440859375 0.5779166666666666 0.03713020833333334 0.05583333333333333
14 0.9338932291666667 0.6160462962962964 0.03236979166666667 0.05801851851851852
10 0.79584375 0.6186851851851851 0.011479166666666667 0.04662962962962963
14 0.7548854166666668 0.5507268518518518 0.030604166666666665 0.023675925925925927