14 0.5891927083333334 0.376625 0.03671875 0.03658333333333333
14 0.6220651041666667 0.37784259259259256 0.030588541666666667 0.03716666666666667
14 0.6886927083333333 0.38346759259259255 0.030510416666666665 0.03730555555555556
14 0.844328125 0.39975462962962965 0.01990625 0.03099074074074074
14 0.4970911458333333 0.5634768518518519 0.10147395833333334 0.12139814814814816
14 0.65234375 0.3857824074074074 0.0265625 0.030824074074074073
14 0.5828619791666667 0.48261574074074076 0.051140625 0.08930555555555555
10 0.4769947916666667 0.588787037037037 0.02273958333333333 0.09794444444444445
10 0.37041406250000003 0.6212592592592593 0.019994791666666668 0.09992592592592593
10 0.32152083333333337 0.5988564814814815 0.019083333333333334 0.07178703703703704
10 0.30306770833333335 0.6144305555555556 0.02384375 0.0640462962962963