14 0.6581171875 0.36483333333333334 0.10477604166666667 0.1592962962962963
14 0.694046875 0.27826851851851847 0.023510416666666666 0.015796296296296294
14 0.6071901041666667 0.2808657407407407 0.033130208333333334 0.05802777777777778
14 0.49143749999999997 0.29481018518518515 0.03391666666666667 0.022953703703703702
14 0.28195833333333337 0.4227777777777778 0.12954166666666667 0.07333333333333333
14 0.1296796875 0.4947777777777778 0.14269270833333333 0.10251851851851852
14 0.06940885416666666 0.4580324074074074 0.108609375 0.07162037037037036
14 0.1842890625 0.4205601851851852 0.036286458333333334 0.06519444444444444
14 0.3672682291666666 0.30925 0.012661458333333332 0.029611111111111112
10 0.7196510416666667 0.3174074074074074 0.007010416666666667 0.03666666666666667
10 0.7574348958333333 0.27637500000000004 0.0044531250000000005 0.019416666666666665
10 0.1597083333333333 0.4337962962962963 0.012125 0.030555555555555555
14 0.09509895833333333 0.549787037037037 0.09019791666666667 0.1255