14 0.2522578125 0.6587962962962963 0.09201562499999999 0.19537037037037036
14 0.5230755208333334 0.41861574074074076 0.10865104166666667 0.0705648148148148
14 0.6440833333333333 0.4371851851851852 0.124625 0.08362962962962962
10 0.16334375 0.5367037037037037 0.0173125 0.07525925925925926
10 0.23892447916666668 0.4719814814814815 0.014307291666666666 0.07174074074074074
10 0.38776041666666666 0.5351851851851852 0.0203125 0.06111111111111111
14 0.04302604166666667 0.4147453703703704 0.02459375 0.05171296296296297
10 0.370609375 0.5157916666666666 0.020385416666666666 0.07787962962962963
10 0.32478645833333336 0.4381203703703704 0.01103125 0.06512962962962963
10 0.2432578125 0.4628287037037037 0.011515625 0.0719537037037037
14 0.6499947916666666 0.38179166666666664 0.06873958333333333 0.061731481481481484