14 0.7786875 0.8559675925925926 0.17300000000000001 0.2878611111111111
14 0.46715885416666664 0.39699999999999996 0.07285937499999999 0.08288888888888889
14 0.2368671875 0.33564351851851854 0.03519270833333333 0.030546296296296297
14 0.35209114583333334 0.31775000000000003 0.014598958333333334 0.03364814814814815
14 0.410234375 0.3192407407407407 0.020468749999999997 0.04774074074074074
14 0.4921770833333333 0.29379629629629633 0.03539583333333333 0.02462962962962963
14 0.6062708333333333 0.28372222222222226 0.03233333333333333 0.06003703703703704
10 0.7985208333333333 0.8646574074074075 0.046 0.11264814814814815
10 0.7550755208333333 0.43016203703703704 0.022651041666666667 0.0825462962962963
10 0.7710963541666668 0.33342592592592596 0.008859375000000001 0.05018518518518519
10 0.755984375 0.27900462962962963 0.0046770833333333334 0.022824074074074073