14 0.3269713541666667 0.5430555555555555 0.079984375 0.058333333333333334
14 0.5863489583333333 0.5285185185185185 0.04561458333333333 0.03851851851851852
14 0.055989583333333336 0.5454722222222222 0.06927083333333334 0.0427962962962963
14 0.8894869791666667 0.5714074074074074 0.052932291666666666 0.03725925925925926
10 0.8294140624999999 0.6876203703703704 0.010911458333333334 0.06412962962962963
14 0.8536770833333333 0.5704305555555556 0.02714583333333333 0.04641666666666667
14 0.6825625 0.5360555555555556 0.058875000000000004 0.031370370370370375
14 0.6572942708333334 0.5109814814814815 0.019796875 0.02937037037037037
14 0.6665416666666667 0.5196296296296297 0.050791666666666666 0.035555555555555556
10 0.7075885416666666 0.5409537037037038 0.004760416666666667 0.017092592592592593
14 0.9922760416666667 0.5567361111111111 0.014760416666666666 0.02273148148148148
14 0.9774375000000001 0.6148379629629629 0.043416666666666666 0.07226851851851851