14 0.059375 0.6597222222222222 0.11666666666666667 0.16574074074074074
14 0.7427083333333333 0.4351851851851852 0.016666666666666666 0.06481481481481481
10 0.22338541666666664 0.475 0.0103125 0.05555555555555555
10 0.8372473958333334 0.46585648148148145 0.010953125000000001 0.052083333333333336
14 0.450625 0.47496759259259264 0.11583333333333333 0.11845370370370371
14 0.00865625 0.4217546296296296 0.0173125 0.03610185185185185
14 0.4658333333333333 0.396375 0.034791666666666665 0.04275
14 0.7989296874999999 0.4104861111111111 0.025984375 0.05430555555555555
10 0.8980625 0.4823935185185185 0.010708333333333332 0.053675925925925926
14 0.6418802083333334 0.5119768518518518 0.17021875 0.10358333333333333
10 0.8882734375 0.4780185185185185 0.007796875 0.05788888888888889
10 0.8741484375 0.48179629629629633 0.008713541666666666 0.056185185185185185