14 0.4485703125 0.4311111111111111 0.10443229166666666 0.10666666666666667
14 0.15506250000000002 0.6936435185185185 0.15179166666666666 0.2909907407407407
14 0.13379947916666665 0.5307407407407407 0.04780729166666667 0.10037037037037037
14 0.7362526041666667 0.2947361111111111 0.028755208333333334 0.06169444444444444
14 0.6926249999999999 0.2813657407407407 0.021708333333333333 0.025694444444444443
14 0.6355416666666667 0.31078703703703703 0.021083333333333332 0.04935185185185185
14 0.6070208333333333 0.2805694444444444 0.030708333333333334 0.06113888888888889
14 0.4910833333333333 0.2927037037037037 0.037375000000000005 0.026148148148148146
14 0.37873697916666665 0.31024537037037037 0.015807291666666667 0.035305555555555555
14 0.4019270833333334 0.3109537037037037 0.0215625 0.033018518518518516
10 0.24279166666666668 0.5930000000000001 0.019958333333333335 0.1322962962962963
10 0.12976822916666667 0.5663796296296297 0.015786458333333333 0.07535185185185185