10 0.07393229166666666 0.5960787037037036 0.02390625 0.11808333333333333
10 0.084078125 0.5585925925925925 0.025447916666666667 0.09496296296296297
10 0.4436640625 0.4080185185185185 0.009203125000000001 0.06974074074074073
10 0.45153906250000003 0.4088657407407407 0.015578125 0.06032407407407408
14 0.16921875 0.43822685185185184 0.09781250000000001 0.10423148148148148
14 0.5203072916666667 0.39052314814814815 0.10103124999999999 0.17919444444444443
14 0.4922447916666667 0.2975324074074074 0.039697916666666666 0.026546296296296297
14 0.6027838541666667 0.2853935185185185 0.034734375 0.05967592592592593
14 0.6854921875 0.2872453703703704 0.017859375 0.02634259259259259
14 0.7470833333333334 0.2911203703703704 0.018125 0.028537037037037038
14 0.07804166666666666 0.38266666666666665 0.02275 0.03940740740740741
14 0.014497395833333334 0.39318055555555553 0.02899479166666667 0.025249999999999998