14 0.5609609375000001 0.23333333333333334 0.028171875000000002 0.037037037037037035
10 0.47249739583333333 0.25775462962962964 0.0064531250000000005 0.030324074074074073
10 0.45088020833333337 0.25908796296296294 0.00696875 0.029287037037037035
10 0.5736848958333333 0.20392592592592593 0.0046614583333333326 0.020814814814814814
10 0.461328125 0.25781481481481483 0.005989583333333334 0.02674074074074074
14 0.4791848958333333 0.2506388888888889 0.032328125 0.03461111111111111
14 0.6591510416666666 0.187375 0.020385416666666666 0.02289814814814815
14 0.5255911458333333 0.24212962962962964 0.028265625000000003 0.03981481481481482
14 0.9091171875 0.14936574074074074 0.023442708333333333 0.026509259259259257
14 0.8865598958333333 0.14575925925925926 0.015828125000000002 0.019296296296296298
14 0.8649921875000001 0.14632407407407408 0.03519270833333333 0.02783333333333333
14 0.7546510416666667 0.16217592592592592 0.024927083333333332 0.016944444444444446
14 0.41420572916666665 0.2378888888888889 0.017994791666666666 0.03874074074074074