14 0.5611979166666666 0.2324675925925926 0.027604166666666666 0.03715740740740741
14 0.4780520833333333 0.2508611111111111 0.0300625 0.035055555555555555
10 0.49849739583333336 0.24800462962962966 0.007411458333333333 0.029342592592592594
14 0.66178125 0.1873240740740741 0.015229166666666665 0.022796296296296297
14 0.8994453124999999 0.1487685185185185 0.020765625 0.023462962962962963
14 0.5258515625 0.24281944444444445 0.027744791666666668 0.039342592592592596
14 0.4144609375 0.23729629629629628 0.01746354166666667 0.03940740740740741
10 0.49376822916666663 0.24771296296296294 0.004203125 0.030611111111111113
14 0.51865625 0.21629166666666666 0.041479166666666664 0.03443518518518518
14 0.7538932291666666 0.16134722222222223 0.02549479166666667 0.01713888888888889
14 0.8644348958333333 0.14593981481481483 0.036161458333333334 0.027064814814814816