14 0.006786458333333333 0.33349537037037036 0.013572916666666665 0.042916666666666665
14 0.011692708333333333 0.3899583333333333 0.02234375 0.07250925925925926
14 0.3091953125 0.3146435185185185 0.038182291666666666 0.07928703703703703
14 0.4276770833333333 0.29121759259259256 0.06577083333333333 0.05465740740740741
14 0.7438072916666666 0.336212962962963 0.11573958333333333 0.11501851851851852
14 0.884296875 0.35110185185185183 0.06755208333333333 0.05961111111111111
10 0.5663020833333333 0.935125 0.06385416666666667 0.12950925925925927
10 0.6505208333333333 0.9805555555555555 0.06041666666666667 0.03888888888888889
10 0.7166666666666667 0.9583333333333334 0.05 0.08333333333333333
10 0.7940390625 0.9345092592592592 0.046411458333333336 0.13012962962962962
10 0.8096354166666667 0.9796296296296296 0.0328125 0.040740740740740744