14 0.19241927083333332 0.6141712962962964 0.11192187499999999 0.19686111111111113
14 0.06746614583333334 0.45770833333333333 0.09743229166666666 0.06726851851851852
14 0.09904166666666667 0.41183333333333333 0.050166666666666665 0.060703703703703704
14 0.4207916666666666 0.3658425925925926 0.08116666666666666 0.07798148148148148
14 0.36743750000000003 0.3169398148148148 0.02654166666666667 0.033879629629629635
14 0.6089348958333333 0.2826203703703704 0.032453125 0.05968518518518518
14 0.7005598958333333 0.28308333333333335 0.016744791666666665 0.025425925925925928
14 0.7491822916666667 0.28852777777777777 0.021281249999999998 0.036314814814814814
14 0.48855729166666667 0.29307407407407404 0.029197916666666667 0.023185185185185184
10 0.114765625 0.631875 0.028489583333333336 0.10263888888888888
10 0.009385416666666667 0.6045 0.018770833333333334 0.08862962962962963