14 0.7448645833333334 0.32383796296296297 0.10847916666666667 0.08471296296296296
14 0.42557812500000003 0.2923611111111111 0.06886458333333333 0.055092592592592596
14 0.008328125 0.33614814814814814 0.01665625 0.042666666666666665
14 0.31106770833333336 0.3081157407407407 0.04088541666666667 0.07178703703703704
10 0.2041328125 0.3837962962962963 0.011390625 0.06574074074074074
10 0.17809375 0.38664814814814813 0.010354166666666666 0.049222222222222216
10 0.14702083333333332 0.37316666666666665 0.006541666666666667 0.05003703703703704
6 0.17687760416666667 0.370787037037037 0.0027135416666666666 0.004537037037037037
6 0.14861197916666666 0.35514814814814816 0.0034739583333333332 0.006592592592592593
14 0.880953125 0.35454166666666664 0.05565625 0.06463888888888888
14 0.0067708333333333336 0.38796296296296295 0.013541666666666667 0.08333333333333333