14 0.6888984375 0.2903981481481481 0.030921874999999998 0.027092592592592595
14 0.04583333333333333 0.4064814814814815 0.030208333333333334 0.05
10 0.48046875 0.3416666666666667 0.0067708333333333336 0.03518518518518519
10 0.4873619791666667 0.3417361111111111 0.005973958333333334 0.03347222222222222
10 0.45669010416666667 0.3428611111111111 0.008171875 0.03942592592592593
14 0.10801822916666667 0.3964490740740741 0.029578125 0.059564814814814813
14 0.053468749999999995 0.6984722222222223 0.10693749999999999 0.2062037037037037
14 0.32553385416666664 0.34897685185185184 0.021901041666666666 0.0479537037037037
14 0.8825520833333333 0.9157407407407407 0.23489583333333333 0.1685185185185185
10 0.11274999999999999 0.4321712962962963 0.009875 0.04212037037037037
14 0.17445052083333332 0.41175 0.041609375 0.0772037037037037
10 0.2018125 0.4014768518518519 0.007791666666666667 0.030731481481481478
10 0.222015625 0.3857407407407408 0.00965625 0.030740740740740742
10 0.19432812500000002 0.3902685185185185 0.006364583333333334 0.03794444444444444
14 0.3224427083333333 0.32931481481481484 0.04384375 0.03640740740740741
14 0.5452526041666667 0.33119444444444446 0.03738020833333333 0.07164814814814814
14 0.5444583333333333 0.29724999999999996 0.03891666666666667 0.02412962962962963