10 0.8565104166666667 0.6949074074074074 0.013020833333333334 0.06759259259259259
14 0.7471354166666667 0.5449074074074074 0.0671875 0.049074074074074076
14 0.6020833333333333 0.5481481481481482 0.040625 0.037037037037037035
14 0.6643229166666667 0.5143518518518518 0.024479166666666666 0.03425925925925926
14 0.6151041666666667 0.5041666666666667 0.009375 0.013888888888888888
14 0.62890625 0.5087962962962963 0.009895833333333333 0.010185185185185186
10 0.8247395833333333 0.5703703703703704 0.0078125 0.03333333333333333
14 0.58203125 0.524074074074074 0.050520833333333334 0.04814814814814815
14 0.51640625 0.5333333333333333 0.05260416666666667 0.037037037037037035
14 0.4908854166666667 0.5106481481481482 0.0390625 0.023148148148148147
14 0.8671875 0.5148148148148148 0.010416666666666666 0.011111111111111112
10 0.64375 0.524074074074074 0.005208333333333333 0.024074074074074074
14 0.67421875 0.5106481481481482 0.016145833333333335 0.012037037037037037
14 0.6520833333333333 0.5074074074074074 0.011458333333333333 0.009259259259259259