14 0.7753385416666667 0.4330740740740741 0.07359375 0.0791111111111111
14 0.8214869791666667 0.38612037037037034 0.044015625 0.04446296296296297
14 0.9497395833333333 0.5375 0.10052083333333334 0.14722222222222223
10 0.7852682291666666 0.8696527777777778 0.043453125 0.20041666666666666
14 0.9260885416666667 0.3917962962962963 0.04384375 0.05396296296296296
14 0.8780130208333333 0.4490555555555556 0.06956770833333333 0.07403703703703703
14 0.6670625 0.42806481481481484 0.026833333333333334 0.04687037037037037
14 0.7430234375 0.3698425925925926 0.05063020833333333 0.04338888888888889
14 0.8953854166666667 0.3107037037037037 0.017854166666666667 0.015851851851851853
14 0.9349296875 0.4520972222222222 0.05840104166666667 0.07456481481481482
14 0.727734375 0.3320694444444444 0.025260416666666667 0.021546296296296296
14 0.9459895833333333 0.3166481481481482 0.0190625 0.011074074074074075
14 0.8748541666666667 0.3115 0.022625 0.02485185185185185