14 0.49424218750000004 0.29915277777777777 0.039526041666666664 0.026083333333333333
14 0.15084375 0.4345046296296296 0.05377083333333333 0.08012037037037037
14 0.5645807291666666 0.3809537037037037 0.07186979166666667 0.08227777777777778
14 0.6052760416666667 0.28924074074074074 0.033468750000000005 0.05996296296296297
14 0.6866249999999999 0.28887962962962965 0.029500000000000002 0.02775925925925926
14 0.33172916666666663 0.35627314814814814 0.03116666666666667 0.05513888888888888
14 0.297265625 0.3575740740740741 0.023697916666666666 0.05588888888888889
10 0.5091640625 0.39591203703703703 0.01728645833333333 0.060342592592592594
10 0.25705989583333333 0.3670462962962963 0.006828125 0.028537037037037038
10 0.25046874999999996 0.36598148148148146 0.006145833333333334 0.030111111111111113
10 0.08668489583333333 0.4431111111111111 0.009828125 0.02140740740740741