10 0.19367447916666666 0.3869259259259259 0.009223958333333334 0.04792592592592593
10 0.41828125 0.5046990740740741 0.016770833333333336 0.09087962962962963
14 0.4839088541666667 0.49484259259259256 0.125109375 0.1082037037037037
14 0.25175000000000003 0.6557777777777778 0.09308333333333334 0.19303703703703703
14 0.1387838541666667 0.3977962962962963 0.03590104166666667 0.05485185185185185
10 0.07310416666666668 0.6561296296296296 0.02745833333333333 0.12337037037037038
10 0.1805703125 0.3854675925925926 0.009057291666666667 0.04315740740740741
10 0.17417447916666667 0.390125 0.009807291666666666 0.045064814814814814
10 0.2320859375 0.48191203703703706 0.011046875000000001 0.054564814814814816
10 0.4069192708333333 0.5017824074074073 0.010713541666666666 0.0924537037037037
14 0.37670052083333333 0.3814027777777778 0.05444270833333333 0.08502777777777777
10 0.08704427083333334 0.6391111111111111 0.022005208333333335 0.11155555555555556