14 0.33029166666666665 0.5729953703703704 0.061625 0.11265740740740741
14 0.7171484375 0.42792129629629627 0.09158854166666666 0.09843518518518518
14 0.5455651041666666 0.5041481481481481 0.06300520833333333 0.08237037037037036
10 0.11663020833333333 0.6288611111111111 0.01659375 0.06512962962962963
14 0.8967083333333333 0.357875 0.08508333333333334 0.08982407407407408
14 0.7699921875 0.41285648148148146 0.056651041666666666 0.0664537037037037
14 0.9902447916666667 0.2366111111111111 0.01903125 0.017666666666666664
14 0.9936223958333333 0.28553703703703703 0.012244791666666668 0.03403703703703703
14 0.9759609375 0.2393796296296296 0.023796875 0.0195
14 0.9392864583333334 0.26399537037037035 0.029614583333333333 0.02984259259259259
14 0.05014322916666667 0.5851759259259259 0.027369791666666664 0.03887037037037037