14 0.3736276041666667 0.2874537037037037 0.17069270833333333 0.10083333333333334
14 0.494203125 0.2606273148148148 0.10455208333333334 0.08606944444444445
14 0.5838671875 0.26835185185185184 0.11096354166666668 0.09040740740740741
14 0.6516145833333333 0.2695324074074074 0.0553125 0.07517592592592592
14 0.79633203125 0.36319212962962966 0.07964322916666666 0.11156944444444444
14 0.6836888020833333 0.4244884259259259 0.16112760416666666 0.3832361111111111
10 0.24521614583333334 0.3116712962962963 0.017515625 0.10852777777777778
10 0.38889713541666665 0.3744282407407407 0.014252604166666665 0.14607870370370368
10 0.39626302083333337 0.3949652777777778 0.025338541666666665 0.13530092592592594
10 0.48806640625 0.4127314814814815 0.0230078125 0.12824074074074074
10 0.5007044270833333 0.3890601851851852 0.0284921875 0.13923148148148148
10 0.5359804687499999 0.3566782407407407 0.0219609375 0.106875
10 0.5732083333333333 0.3560115740740741 0.0188125 0.1203564814814815
10 0.55282421875 0.3811805555555556 0.023356770833333332 0.1373611111111111
10 0.5747382812499999 0.41834953703703703 0.018226562499999998 0.15521759259259257
10 0.5800703125 0.4062962962962963 0.012744791666666666 0.13944444444444443
10 0.3808489583333333 0.519173611111111 0.03930208333333333 0.1837175925925926
10 0.33541666666666664 0.8800925925925925 0.049479166666666664 0.23981481481481481
10 0.260546875 0.8699074074074075 0.07005208333333333 0.2601851851851852
10 0.30250781250000003 0.9219814814814815 0.06491145833333332 0.156