14 0.251890625 0.6580555555555556 0.09232291666666666 0.19574074074074074
10 0.5957057291666668 0.3960416666666667 0.011203125000000001 0.05689814814814815
10 0.2609375 0.47379629629629627 0.019791666666666666 0.07537037037037038
10 0.3091666666666667 0.4518611111111111 0.018333333333333333 0.07038888888888889
14 0.5629921875 0.38739814814814816 0.09265104166666666 0.06368518518518519
10 0.5682291666666667 0.4267546296296296 0.010416666666666666 0.07017592592592593
10 0.47785937500000003 0.45261111111111113 0.013010416666666667 0.06262962962962963
10 0.24547395833333333 0.4746296296296296 0.01803125 0.07148148148148148
10 0.5759609375 0.4308009259259259 0.012338541666666668 0.059750000000000004
14 0.6564531250000001 0.38370370370370366 0.05144791666666667 0.05259259259259259
14 0.6993177083333334 0.41584722222222226 0.03717708333333333 0.035398148148148144