14 0.3894375 0.5019583333333334 0.25908333333333333 0.2576203703703704
14 0.027489583333333335 0.4419212962962963 0.05497916666666667 0.050509259259259254
14 0.6829739583333333 0.41641203703703705 0.07011458333333334 0.10319444444444445
14 0.7044453125000001 0.33247685185185183 0.050557291666666664 0.07791666666666668
14 0.3945989583333333 0.32419907407407406 0.021489583333333333 0.03913888888888889
14 0.49449218749999996 0.2947592592592592 0.035859375 0.022851851851851852
14 0.6071979166666667 0.28174074074074074 0.030020833333333333 0.056074074074074075
14 0.6943880208333333 0.2806342592592592 0.021067708333333334 0.02052777777777778
10 0.5051015624999999 0.3968379629629629 0.015411458333333333 0.06960185185185186
10 0.5260546875 0.39666666666666667 0.012526041666666666 0.0674074074074074
10 0.5736067708333333 0.3842314814814815 0.015963541666666668 0.07031481481481482
10 0.6891640625 0.4795601851851851 0.019994791666666668 0.11652777777777777
10 0.10753645833333333 0.44175 0.012989583333333334 0.057574074074074076
10 0.749703125 0.44735648148148144 0.012947916666666667 0.09841666666666667