10 0.3594375 0.9452685185185185 0.04908333333333333 0.10905555555555556
14 0.19226822916666667 0.6197824074074074 0.10536979166666667 0.20252777777777778
14 0.06889322916666667 0.45811574074074074 0.10549479166666667 0.07363888888888889
14 0.41896354166666666 0.36477314814814815 0.07751041666666666 0.07584259259259259
14 0.6084088541666667 0.2816574074074074 0.032442708333333334 0.05961111111111111
14 0.6999375000000001 0.28276388888888887 0.016541666666666666 0.024787037037037038
14 0.6764114583333334 0.28129166666666666 0.021572916666666667 0.025546296296296296
14 0.49279687499999997 0.2942824074074074 0.03767708333333333 0.02560185185185185
14 0.4232578125 0.30256944444444445 0.019432291666666667 0.032916666666666664
14 0.28053125 0.3351203703703704 0.0204375 0.04246296296296296
14 0.01875 0.4462962962962963 0.0375 0.053703703703703705
14 0.097625 0.4111296296296296 0.054625 0.063