14 0.3515859375 0.39555092592592594 0.10733854166666666 0.07999074074074074
14 0.23663541666666668 0.33697685185185183 0.0336875 0.03506481481481481
14 0.6058567708333332 0.28414814814814815 0.030463541666666667 0.059037037037037034
14 0.49291145833333333 0.2965231481481482 0.038947916666666665 0.026379629629629628
14 0.6967265625 0.28738425925925926 0.018453125 0.02662037037037037
10 0.08843489583333335 0.6591435185185185 0.04041145833333334 0.09050925925925926
10 0.0557265625 0.6310046296296297 0.026036458333333335 0.12126851851851851
10 0.07195052083333334 0.4835138888888889 0.013692708333333333 0.0855462962962963
10 0.09630729166666667 0.4709861111111111 0.013447916666666667 0.07715740740740741
10 0.2845989583333333 0.34378703703703706 0.007739583333333333 0.03387037037037037
10 0.6580026041666667 0.29905092592592597 0.004546875000000001 0.025879629629629627
10 0.6395026041666667 0.2977592592592592 0.006088541666666667 0.02514814814814815
10 0.6523177083333334 0.2949490740740741 0.004635416666666667 0.028787037037037038
10 0.7632473958333333 0.2778703703703704 0.006703125 0.0187037037037037
14 0.3237734375 0.34035185185185185 0.026713541666666667 0.036259259259259255