14 0.22648958333333333 0.6807546296296296 0.20193750000000002 0.27632407407407406
14 0.40986458333333337 0.4306203703703704 0.11452083333333334 0.10012962962962962
14 0.5650859374999999 0.3781203703703704 0.07288020833333334 0.08401851851851852
14 0.6061927083333334 0.2888657407407408 0.03530208333333333 0.06291666666666666
14 0.49314843750000004 0.29834259259259255 0.039421875 0.026314814814814815
14 0.6869479166666667 0.287662037037037 0.0311875 0.027175925925925926
14 0.3317526041666667 0.3573194444444444 0.030171875 0.06093518518518519
14 0.29353645833333336 0.3636759259259259 0.028739583333333332 0.06624074074074075
14 0.18508072916666668 0.42314814814814816 0.05453645833333333 0.07962962962962963
10 0.02950520833333333 0.5470138888888889 0.015260416666666667 0.07550925925925926
10 0.014875000000000001 0.5662638888888889 0.016208333333333335 0.0658611111111111
10 0.0072265625 0.4408564814814815 0.008203125 0.044675925925925924
10 0.0021770833333333334 0.4440462962962963 0.004354166666666667 0.051055555555555555
10 0.23504947916666669 0.38454166666666667 0.006557291666666667 0.032046296296296295
10 0.3598671875 0.4568101851851852 0.016609375 0.08584259259259258