14 0.3269713541666667 0.5430555555555555 0.079984375 0.058333333333333334
14 0.5863489583333333 0.5285185185185185 0.04561458333333333 0.03851851851851852
14 0.055989583333333336 0.5454722222222222 0.06927083333333334 0.0427962962962963
14 0.8893880208333333 0.5724907407407407 0.05481770833333333 0.03757407407407407
14 0.8524817708333334 0.5701898148148148 0.025796875 0.04593518518518518
14 0.6825625 0.5360555555555556 0.058875000000000004 0.031370370370370375
14 0.6572942708333334 0.5109814814814815 0.019796875 0.02937037037037037
14 0.6665416666666667 0.5196296296296297 0.050791666666666666 0.035555555555555556
14 0.9922760416666667 0.5567361111111111 0.014760416666666666 0.02273148148148148
14 0.988421875 0.643412037037037 0.022677083333333334 0.08312037037037037
14 0.71828125 0.5135740740740741 0.015729166666666666 0.017888888888888888
14 0.8553489583333334 0.5936203703703704 0.029447916666666667 0.052055555555555556
10 0.7152916666666667 0.661587962962963 0.008708333333333334 0.058361111111111114