14 0.007432291666666666 0.33695833333333336 0.014864583333333332 0.04613888888888889
14 0.15518229166666667 0.31597685185185187 0.028072916666666666 0.033805555555555554
14 0.42497135416666665 0.2918935185185185 0.06869270833333332 0.05600925925925926
14 0.74059375 0.3168842592592593 0.09889583333333334 0.0726574074074074
14 0.880921875 0.3515925925925926 0.06080208333333333 0.06244444444444444
10 0.14750781249999997 0.3716111111111111 0.008557291666666666 0.046925925925925926
10 0.1763515625 0.3896203703703704 0.012078125 0.0422037037037037
10 0.20508072916666667 0.3843333333333333 0.011203125000000001 0.06681481481481481
10 0.228046875 0.3718194444444444 0.011302083333333332 0.06400925925925925
14 0.3111953125 0.31199537037037034 0.03905729166666667 0.07769444444444444
14 0.006934895833333333 0.38689814814814816 0.013869791666666666 0.0775