10 0.7698984375 0.4396805555555556 0.009588541666666667 0.04787962962962963
10 0.7577552083333334 0.6232453703703704 0.024885416666666667 0.10019444444444443
10 0.8129661458333334 0.459625 0.009265625 0.05073148148148148
10 0.804015625 0.4574953703703704 0.00803125 0.05017592592592592
14 0.6010833333333333 0.5739351851851852 0.07404166666666666 0.15712962962962962
10 0.7615651041666667 0.43793055555555555 0.007505208333333333 0.046231481481481485
10 0.8325338541666666 0.4339675925925926 0.012984375 0.04200925925925926
14 0.5517786458333334 0.414462962962963 0.05459895833333333 0.04188888888888889
10 0.8133671875 0.5497500000000001 0.018401041666666666 0.06061111111111111
10 0.9789088541666667 0.4279722222222222 0.008859375000000001 0.041129629629629634
10 0.8600703125 0.6225972222222222 0.027432291666666667 0.05815740740740741
14 0.5165598958333333 0.45435648148148144 0.04353645833333333 0.060564814814814814
14 0.40038802083333336 0.6300601851851853 0.11015104166666667 0.13789814814814816
14 0.5015885416666667 0.41550462962962964 0.04796875 0.05508333333333334
14 0.18043489583333333 0.4781898148148149 0.05566145833333334 0.043416666666666666
14 0.7407838541666667 0.40467129629629633 0.11281770833333334 0.09082407407407407
10 0.8112213541666667 0.41968518518518516 0.006817708333333334 0.04122222222222222
10 0.8210651041666667 0.4225601851851852 0.006713541666666667 0.02475
14 0.9239583333333333 0.8611111111111112 0.15208333333333332 0.2759259259259259