14 0.17290104166666667 0.7064305555555555 0.21767708333333333 0.30174999999999996
14 0.12714583333333335 0.5705555555555556 0.08970833333333333 0.15592592592592594
14 0.34340885416666667 0.3193796296296296 0.040984374999999997 0.027648148148148147
14 0.38455208333333335 0.3102824074074074 0.028479166666666667 0.027972222222222225
14 0.49146875 0.29671759259259256 0.04022916666666666 0.026768518518518518
14 0.6033541666666667 0.28583796296296293 0.033791666666666664 0.060564814814814814
10 0.11410156249999999 0.8376203703703704 0.05111979166666667 0.2233888888888889
10 0.25188020833333336 0.32663888888888887 0.0048020833333333336 0.01809259259259259
10 0.5347369791666666 0.3108240740740741 0.008015625 0.03090740740740741
10 0.5536223958333333 0.30989351851851854 0.006203125 0.032749999999999994
10 0.5462760416666667 0.3146851851851852 0.005052083333333333 0.021962962962962962
14 0.3525598958333333 0.3272916666666667 0.02178645833333333 0.043472222222222225