10 0.4825520833333333 0.524537037037037 0.0109375 0.049074074074074076
10 0.490625 0.4722222222222222 0.007291666666666667 0.037037037037037035
14 0.47265625 0.48333333333333334 0.0234375 0.053703703703703705
10 0.078125 0.6958333333333333 0.016666666666666666 0.08055555555555556
10 0.015885416666666666 0.6958333333333333 0.0140625 0.07314814814814814
10 0.06432291666666666 0.6912037037037037 0.011979166666666667 0.0712962962962963
10 0.06796875 0.6402777777777777 0.008854166666666666 0.03611111111111111
10 0.05182291666666667 0.6393518518518518 0.011979166666666667 0.04351851851851852
14 0.054947916666666666 0.6398148148148148 0.05572916666666667 0.07037037037037037
10 0.4354166666666667 0.5078703703703704 0.011458333333333333 0.05092592592592592
14 0.040625 0.5555555555555556 0.08125 0.07962962962962963