14 0.8042578125 0.28435185185185186 0.08455729166666666 0.1224074074074074
14 0.5508515625 0.2974675925925926 0.07357812500000001 0.08937962962962963
14 0.521234375 0.24949074074074074 0.05601041666666667 0.05824074074074074
14 0.1421953125 0.25953703703703707 0.056265625 0.057962962962962966
14 0.048690104166666665 0.3176805555555556 0.040088541666666665 0.057583333333333334
10 0.32759375 0.29389351851851847 0.013520833333333334 0.06556481481481481
10 0.390890625 0.2914814814814815 0.010947916666666667 0.0662962962962963
10 0.3818828125 0.2972777777777778 0.008557291666666666 0.05751851851851852
10 0.3484583333333333 0.3063518518518519 0.010458333333333332 0.0664074074074074
6 0.3282578125 0.2717916666666667 0.003390625 0.004694444444444445
6 0.3880182291666667 0.26925925925925925 0.003119791666666667 0.005185185185185185