14 0.43233333333333335 0.5290416666666666 0.04383333333333333 0.10993518518518519
14 0.7488776041666667 0.38925 0.030046874999999997 0.041462962962962965
14 0.5593802083333334 0.3770601851851852 0.032302083333333335 0.03560185185185186
10 0.684375 0.5200601851851852 0.013541666666666667 0.06974999999999999
14 0.6135416666666667 0.3814814814814815 0.03125 0.03518518518518519
14 0.5830416666666667 0.4836712962962963 0.050458333333333334 0.09141666666666667
14 0.6523489583333333 0.3861111111111111 0.027614583333333335 0.03148148148148148
14 0.6876223958333333 0.38425925925925924 0.030453125 0.03888888888888889
10 0.6576744791666667 0.5119351851851852 0.013265625 0.07016666666666667
14 0.7194739583333334 0.514087962962963 0.10040625 0.08002777777777778
14 0.879421875 0.4032962962962963 0.02030208333333333 0.03807407407407407
14 0.8436796875 0.4009166666666667 0.02069270833333333 0.03146296296296296
10 0.7474166666666666 0.9267314814814814 0.034416666666666665 0.11827777777777777
10 0.67025 0.4973657407407407 0.010291666666666668 0.06139814814814815
10 0.7302083333333333 0.9675925925925926 0.03854166666666667 0.06481481481481481
14 0.025437500000000002 0.47236111111111106 0.050875000000000004 0.08546296296296296
14 0.9265859375000001 0.32708796296296294 0.007338541666666667 0.011583333333333333
10 0.6963828125 0.4828055555555555 0.008390625 0.01561111111111111
10 0.6450078124999999 0.4923796296296296 0.0077239583333333335 0.06068518518518519
10 0.6478411458333333 0.5072500000000001 0.011307291666666667 0.06635185185185184
14 0.58790625 0.3789583333333333 0.035187500000000003 0.03754629629629629