10 0.005190104166666667 0.7278425925925927 0.010380208333333333 0.07605555555555556
14 0.41976562500000003 0.5000277777777777 0.028072916666666666 0.04264814814814815
10 0.04839583333333333 0.6858101851851851 0.012416666666666666 0.07532407407407407
14 0.12065104166666667 0.5062916666666666 0.017343749999999998 0.01999074074074074
10 0.5694765625 0.5851759259259259 0.012911458333333332 0.07035185185185186
10 0.5657109375 0.5511064814814816 0.019963541666666664 0.054064814814814816
14 0.604703125 0.5957314814814815 0.04273958333333334 0.11368518518518518
14 0.438359375 0.4457962962962963 0.01421875 0.023074074074074077
14 0.35982291666666666 0.4537916666666667 0.03839583333333333 0.04276851851851852
14 0.27368750000000003 0.4842314814814815 0.028625 0.022166666666666668
10 0.2983255208333333 0.48333796296296294 0.003942708333333334 0.02037962962962963
10 0.3179661458333333 0.4808888888888889 0.003640625 0.017333333333333333
10 0.3692942708333333 0.4667638888888889 0.005255208333333333 0.020564814814814817
10 0.3114635416666667 0.48080092592592594 0.0031354166666666666 0.01715740740740741
14 0.03760937500000001 0.5841666666666666 0.055427083333333335 0.05907407407407407
14 0.051552083333333325 0.6256990740740741 0.06560416666666666 0.07176851851851852
10 0.07895052083333334 0.5967777777777777 0.006859375 0.025037037037037035