14 0.22739843750000002 0.6714861111111111 0.20375520833333333 0.2726018518518519
14 0.40658072916666665 0.4323888888888889 0.12149479166666667 0.1018148148148148
14 0.56440625 0.3793796296296296 0.07152083333333333 0.08098148148148147
14 0.18354427083333333 0.42248148148148146 0.055630208333333334 0.07644444444444444
14 0.33115625000000004 0.35512962962962963 0.0310625 0.05655555555555555
14 0.227671875 0.38099074074074074 0.038677083333333334 0.06753703703703703
14 0.6055833333333334 0.2882546296296296 0.032 0.06169444444444444
14 0.4932239583333333 0.2976481481481481 0.03853125 0.024925925925925928
14 0.6860026041666667 0.287875 0.029296875 0.02760185185185185
10 0.15234375 0.9300925925925926 0.07239583333333334 0.1398148148148148
10 0.007109375 0.5316018518518518 0.01421875 0.09838888888888889
10 0.254765625 0.3731203703703704 0.011614583333333334 0.04438888888888889
10 0.0043984375000000004 0.4454675925925926 0.008796875000000001 0.0520462962962963