14 0.34010416666666665 0.5244398148148148 0.09895833333333333 0.07850925925925926
10 0.3954739583333333 0.5123101851851851 0.012822916666666666 0.06165740740740741
14 0.8807213541666666 0.47808333333333336 0.034359375 0.05616666666666666
10 0.9348072916666667 0.47515740740740736 0.00815625 0.04290740740740741
14 0.6009166666666667 0.476787037037037 0.03829166666666666 0.05912962962962963
14 0.1697734375 0.6611203703703704 0.19058854166666667 0.2240925925925926
10 0.19947916666666668 0.4546296296296296 0.005208333333333333 0.025925925925925925
10 0.923921875 0.4758148148148148 0.009302083333333332 0.04422222222222222
14 0.5084869791666666 0.5387916666666667 0.061765625000000005 0.09795370370370371
10 0.36491666666666667 0.4862685185185185 0.005875 0.018833333333333334
14 0.3920963541666667 0.44080555555555556 0.04877604166666667 0.026055555555555557
10 0.1848151041666667 0.4520740740740741 0.005046875 0.015259259259259259
14 0.8914192708333334 0.4641435185185185 0.016171875 0.04680555555555555
10 0.5050052083333333 0.4763194444444444 0.011052083333333332 0.03226851851851852
10 0.3916354166666667 0.5078888888888888 0.008270833333333333 0.060222222222222226
14 0.23968229166666666 0.45338425925925924 0.05540625 0.040101851851851854