14 0.1823515625 0.574625 0.15949479166666666 0.16962037037037037
14 0.5443203125 0.2967592592592593 0.038640625 0.025
14 0.32533854166666665 0.34612037037037036 0.021510416666666664 0.047796296296296295
10 0.11765885416666667 0.4343796296296296 0.009276041666666667 0.05209259259259259
14 0.05400260416666667 0.6988333333333333 0.10800520833333334 0.20507407407407408
10 0.03344791666666667 0.7485740740740741 0.0366875 0.12492592592592591
14 0.15957291666666668 0.41715277777777776 0.050395833333333334 0.08430555555555555
14 0.007325520833333333 0.4253611111111111 0.014651041666666666 0.050722222222222224
10 0.1956015625 0.397087962962963 0.009953125 0.034916666666666665
10 0.19947135416666667 0.39355555555555555 0.007276041666666667 0.02785185185185185
10 0.2074140625 0.4030138888888889 0.008578124999999999 0.02825