14 0.007989583333333333 0.3372453703703704 0.015979166666666666 0.04300925925925926
14 0.25585677083333336 0.34025462962962966 0.045046875 0.056435185185185185
14 0.4062213541666667 0.29994907407407406 0.049942708333333335 0.057305555555555554
14 0.6384010416666667 0.39091203703703703 0.12576041666666668 0.12256481481481482
14 0.7423151041666666 0.3476435185185185 0.11588020833333333 0.12121296296296295
14 0.7760364583333333 0.2662777777777778 0.020822916666666667 0.021444444444444443
14 0.759 0.2573425925925926 0.010708333333333332 0.035055555555555555
14 0.6764505208333333 0.2581388888888889 0.03831770833333333 0.03294444444444444
10 0.2523984375 0.3802453703703704 0.010005208333333333 0.06419444444444444
10 0.19312760416666666 0.38366203703703705 0.011255208333333332 0.05806481481481481
10 0.20845312500000002 0.38119444444444445 0.009614583333333334 0.05127777777777778
10 0.21776562500000002 0.38250462962962967 0.008447916666666666 0.057601851851851855