10 0.6558411458333333 0.43894444444444447 0.026265625 0.12974074074074074
10 0.8358723958333333 0.3942175925925926 0.03424479166666667 0.12732407407407406
10 0.7859635416666666 0.40585648148148146 0.031302083333333335 0.12837962962962962
14 0.6941223958333332 0.27798611111111116 0.054911458333333336 0.05041666666666667
10 0.8282291666666667 0.3344166666666667 0.022083333333333333 0.0743888888888889
10 0.7575182291666667 0.4451481481481481 0.03899479166666667 0.1643703703703704
10 0.6855442708333332 0.43519444444444444 0.03775520833333333 0.14261111111111113
10 0.47349739583333333 0.3315277777777778 0.025119791666666665 0.08527777777777777
10 0.4540338541666667 0.33361111111111114 0.033067708333333334 0.0987037037037037
10 0.43990885416666664 0.321962962962963 0.019401041666666667 0.0791111111111111
10 0.41384375 0.35574999999999996 0.021437499999999998 0.08927777777777778
10 0.404171875 0.3610231481481481 0.019802083333333335 0.08130555555555556