14 0.46640625 0.5398148148148149 0.0578125 0.04814814814814815
14 0.5125 0.5180555555555556 0.025 0.019444444444444445
14 0.5786458333333333 0.5435185185185185 0.04479166666666667 0.040740740740740744
14 0.58046875 0.49907407407407406 0.0140625 0.011111111111111112
14 0.65078125 0.5462962962962963 0.0578125 0.03333333333333333
14 0.6744791666666666 0.5074074074074074 0.05520833333333333 0.04814814814814815
14 0.6200520833333333 0.5060185185185185 0.008854166666666666 0.010185185185185186
14 0.6291666666666667 0.5055555555555555 0.008333333333333333 0.011111111111111112
14 0.7520833333333333 0.5574074074074075 0.06666666666666667 0.03888888888888889
14 0.9578125 0.5921296296296297 0.03333333333333333 0.05462962962962963
10 0.7872395833333333 0.5916666666666667 0.0109375 0.03333333333333333
10 0.8645833333333334 0.7208333333333333 0.013541666666666667 0.05277777777777778
14 0.7854166666666667 0.6675925925925926 0.06666666666666667 0.0962962962962963
10 0.80546875 0.6092592592592593 0.0078125 0.03148148148148148