10 0.67890625 0.444087962962963 0.0078125 0.043731481481481475
10 0.6094322916666666 0.5227916666666667 0.012614583333333334 0.07521296296296297
10 0.6896432291666666 0.4452638888888889 0.011578125 0.04608333333333334
10 0.5414921874999999 0.4735 0.013192708333333332 0.05255555555555556
10 0.8667786458333333 0.6242037037037037 0.020015625 0.10396296296296297
14 0.5016901041666667 0.4160185185185185 0.048171874999999996 0.054259259259259264
14 0.5522760416666667 0.4140416666666667 0.05455208333333333 0.041046296296296296
10 0.7319427083333333 0.6108935185185185 0.018052083333333333 0.10141666666666667
14 0.47921093750000004 0.47741203703703705 0.03550520833333334 0.07334259259259258
14 0.5895390625 0.4664675925925926 0.06241145833333333 0.06812037037037036
10 0.6241979166666667 0.5162037037037037 0.012979166666666668 0.05092592592592592
14 0.42092447916666664 0.45975925925925926 0.074140625 0.06581481481481481
10 0.7256041666666667 0.4548287037037037 0.007458333333333333 0.04299074074074074
14 0.7722838541666667 0.5326342592592592 0.070609375 0.17267592592592593
14 0.4008307291666667 0.6300972222222222 0.10999479166666666 0.13982407407407407
14 0.1805703125 0.4786481481481482 0.05593229166666667 0.04248148148148148
10 0.6046927083333333 0.49113888888888885 0.01146875 0.03227777777777778
10 0.7269921875 0.4051064814814815 0.008151041666666668 0.045398148148148146
10 0.725515625 0.3859675925925926 0.00728125 0.023787037037037037
10 0.8073802083333333 0.5515185185185185 0.01059375 0.08451851851851852