14 0.4199583333333333 0.36283796296296295 0.07949999999999999 0.07752777777777778
14 0.0677734375 0.45795370370370375 0.10638020833333334 0.07146296296296296
14 0.09688020833333333 0.40722685185185187 0.05001041666666666 0.06075
14 0.03009375 0.384175925925926 0.0601875 0.031314814814814816
14 0.0189921875 0.44422222222222224 0.037984375 0.05140740740740741
14 0.6080182291666667 0.28119444444444447 0.032703125 0.05868518518518519
14 0.5815807291666667 0.32060648148148146 0.026703125 0.056027777777777774
14 0.4909947916666667 0.2925740740740741 0.03719791666666667 0.02588888888888889
14 0.44855208333333335 0.29391666666666666 0.0179375 0.02672222222222222
14 0.6736770833333333 0.28282407407407406 0.020270833333333335 0.023055555555555555
14 0.7007239583333333 0.28272685185185187 0.014989583333333334 0.026564814814814815
14 0.34931770833333337 0.3215787037037037 0.020510416666666666 0.039453703703703706
10 0.012536458333333333 0.9078333333333334 0.025072916666666667 0.1786296296296296
10 0.022817708333333336 0.38472685185185185 0.0050104166666666665 0.021305555555555557
10 0.014716145833333333 0.3853888888888889 0.007557291666666666 0.018925925925925926
10 0.005125 0.3894861111111111 0.006083333333333333 0.016009259259259258
10 0.0513359375 0.47417129629629634 0.015171875 0.08352777777777777
14 0.5277161458333334 0.3371342592592593 0.027307291666666667 0.053898148148148146
10 0.5370234375 0.3222962962962963 0.004255208333333333 0.02051851851851852
10 0.6074088541666666 0.32283333333333336 0.006484375 0.03825925925925926