14 0.6852890625000001 0.4180879629629629 0.07161979166666667 0.1139537037037037
14 0.12566666666666668 0.7300833333333333 0.22633333333333333 0.26016666666666666
14 0.025 0.44305555555555554 0.05 0.05462962962962963
14 0.7364999999999999 0.2913564814814815 0.028208333333333332 0.0660462962962963
14 0.6935833333333333 0.28261574074074075 0.021541666666666667 0.02634259259259259
14 0.6078958333333334 0.2825787037037037 0.03245833333333333 0.05960185185185186
14 0.49130989583333334 0.29341203703703705 0.037828125 0.02200925925925926
14 0.38199218749999997 0.30545370370370367 0.017109375 0.02201851851851852
10 0.39412239583333336 0.31543055555555555 0.0038697916666666663 0.02160185185185185
14 0.1538619791666667 0.5429722222222222 0.09209895833333334 0.10816666666666666
10 0.24739583333333334 0.6083055555555555 0.028125 0.14809259259259258
10 0.7699843749999999 0.4069814814814815 0.010802083333333332 0.06396296296296296
10 0.7055598958333333 0.4347824074074074 0.014244791666666668 0.09178703703703703
10 0.7342864583333333 0.3807592592592593 0.01128125 0.052259259259259255