14 0.22484114583333334 0.6753888888888888 0.2007239583333333 0.26929629629629626
14 0.4065755208333333 0.43207870370370366 0.121484375 0.1030462962962963
14 0.5644869791666667 0.37898611111111113 0.07168229166666666 0.08019444444444444
14 0.6045520833333333 0.28671296296296295 0.030979166666666665 0.05861111111111111
14 0.49386458333333333 0.29858796296296297 0.03877083333333333 0.026805555555555555
14 0.6793359375 0.2874212962962963 0.04408854166666667 0.030398148148148146
14 0.33126041666666667 0.3553472222222222 0.030229166666666665 0.05513888888888888
14 0.21474739583333333 0.38137499999999996 0.030536458333333336 0.060898148148148146
14 0.18484635416666664 0.4230648148148148 0.050942708333333336 0.0702037037037037
14 0.08586979166666667 0.5062546296296296 0.06548958333333334 0.11250925925925927
10 0.254578125 0.3725925925925926 0.013322916666666665 0.03222222222222222
10 0.06136458333333333 0.5344907407407408 0.0310625 0.056018518518518516
10 0.010192708333333333 0.5714166666666667 0.01934375 0.059500000000000004