10 0.6068828125 0.8125 0.032515625 0.15833333333333333
14 0.589015625 0.37711111111111106 0.03636458333333333 0.03755555555555556
10 0.22004166666666666 0.6887638888888888 0.023416666666666665 0.11826851851851852
14 0.7480625 0.38635185185185184 0.029458333333333333 0.04122222222222222
14 0.8838984375 0.39913425925925927 0.019880208333333333 0.03715740740740741
14 0.5829453125 0.4830787037037037 0.05130729166666667 0.09023148148148148
14 0.43288541666666663 0.5291666666666667 0.043895833333333335 0.11203703703703703
14 0.829859375 0.3793657407407407 0.01909375 0.02539814814814815
14 0.6878385416666667 0.38262962962962965 0.02984375 0.03933333333333333
14 0.65221875 0.3854259259259259 0.02735416666666667 0.030111111111111113
10 0.92421875 0.961574074074074 0.0265625 0.07685185185185185
14 0.8442369791666666 0.3975416666666667 0.019723958333333333 0.03212037037037037
14 0.7157708333333334 0.34200462962962963 0.044041666666666666 0.03400925925925925
14 0.024739583333333332 0.4759259259259259 0.049479166666666664 0.08518518518518518