10 0.95703125 0.7064814814814815 0.013020833333333334 0.07037037037037037
10 0.9661458333333334 0.700462962962963 0.008333333333333333 0.06944444444444445
10 0.9708333333333333 0.600925925925926 0.004166666666666667 0.03148148148148148
14 0.73984375 0.5550925925925926 0.04010416666666667 0.03425925925925926
14 0.4666666666666667 0.5412037037037037 0.057291666666666664 0.04351851851851852
14 0.51171875 0.5180555555555556 0.025520833333333333 0.019444444444444445
14 0.5796875 0.5444444444444444 0.04375 0.040740740740740744
14 0.65078125 0.5467592592592593 0.05677083333333333 0.03981481481481482
14 0.6736979166666667 0.524537037037037 0.03177083333333333 0.026851851851851852
14 0.5799479166666667 0.5 0.0140625 0.012962962962962963
14 0.6190104166666667 0.5055555555555555 0.0109375 0.012962962962962963
14 0.6291666666666667 0.5069444444444444 0.009375 0.010185185185185186
14 0.6385416666666667 0.5101851851851852 0.007291666666666667 0.011111111111111112