14 0.28735937500000003 0.7809537037037038 0.27055208333333336 0.3433888888888889
14 0.6037369791666667 0.2824259259259259 0.03247395833333334 0.059296296296296305
14 0.48940625 0.2949907407407407 0.03922916666666666 0.025166666666666667
14 0.39633333333333337 0.3222962962962963 0.028083333333333335 0.048296296296296296
14 0.38050781250000004 0.31339814814814815 0.013098958333333332 0.03235185185185185
10 0.654203125 0.4007777777777778 0.015697916666666666 0.07748148148148148
10 0.6774661458333333 0.3958888888888889 0.014307291666666666 0.0714074074074074
10 0.7040598958333334 0.39690277777777777 0.011244791666666667 0.07158333333333333
10 0.7233125 0.3946481481481482 0.015375 0.06337037037037037
10 0.68190625 0.365412037037037 0.012770833333333334 0.04749074074074074
10 0.301171875 0.7102314814814814 0.037760416666666664 0.051944444444444446