14 0.2752604166666667 0.47685185185185186 0.0734375 0.09444444444444444
14 0.394234375 0.4331527777777778 0.11659375000000001 0.07926851851851852
14 0.025455729166666666 0.39394907407407403 0.04674479166666667 0.037898148148148146
10 0.23779166666666668 0.5217037037037038 0.012041666666666668 0.08414814814814814
14 0.37113802083333336 0.5616620370370371 0.06935937499999999 0.13258333333333333
10 0.22215104166666666 0.5202638888888889 0.01096875 0.08497222222222221
10 0.37536458333333333 0.4855648148148148 0.016354166666666666 0.024833333333333332
14 0.09870572916666666 0.3789351851851852 0.053661458333333335 0.0375
14 0.23961979166666666 0.34406481481481477 0.03340625 0.04368518518518519
14 0.32113020833333333 0.3222592592592593 0.027677083333333335 0.03155555555555555
10 0.3960182291666667 0.5156157407407408 0.019119791666666667 0.07937962962962963