10 0.24825 0.38254166666666667 0.011083333333333334 0.046564814814814816
10 0.23195833333333335 0.38028703703703703 0.00975 0.036500000000000005
14 0.478515625 0.4954861111111111 0.13515625 0.10949074074074074
14 0.2506848958333333 0.6512361111111111 0.09199479166666666 0.1950648148148148
10 0.2638046875 0.475462962962963 0.011984375 0.06388888888888888
10 0.18820572916666667 0.386625 0.008703125 0.04362037037037037
14 0.13924479166666667 0.3954212962962963 0.03786458333333333 0.0519537037037037
10 0.24656510416666666 0.5004120370370371 0.016046875 0.0841574074074074
10 0.19419010416666668 0.38419444444444445 0.008171875 0.044314814814814814
10 0.21395312500000002 0.3741388888888889 0.00915625 0.03901851851851852
14 0.37657552083333334 0.3805601851851852 0.05419270833333333 0.08519444444444445
10 0.23097916666666668 0.4808148148148148 0.014041666666666668 0.05977777777777778