14 0.7420182291666666 0.43318981481481483 0.016328125000000002 0.06823148148148148
14 0.45064583333333336 0.48109722222222223 0.11587499999999999 0.10293518518518519
10 0.5656510416666667 0.8554351851851852 0.08442708333333333 0.2182777777777778
14 0.46855729166666665 0.39515277777777774 0.028781249999999998 0.04586111111111111
14 0.10874739583333333 0.6921527777777777 0.15811979166666665 0.21578703703703705
10 0.9284817708333333 0.5228194444444444 0.013213541666666667 0.06415740740740741
10 0.6768229166666667 0.9342592592592592 0.04739583333333333 0.13148148148148148
14 0.008776041666666668 0.42244444444444446 0.017552083333333336 0.03933333333333333
14 0.5304010416666667 0.4057175925925926 0.04830208333333333 0.07069444444444443
14 0.6395026041666667 0.5096620370370369 0.17588020833333334 0.10636111111111111
14 0.8943046875 0.5071296296296297 0.05944270833333333 0.09203703703703704
10 0.2891119791666667 0.7266203703703704 0.051140625 0.19583333333333333