14 0.21952604166666667 0.706125 0.09738541666666665 0.14558333333333331
14 0.13801822916666667 0.4841435185185185 0.04061979166666666 0.04050925925925926
10 0.029989583333333333 0.6345648148148149 0.009979166666666667 0.03579629629629629
10 0.14852083333333335 0.5965231481481481 0.01891666666666667 0.048601851851851854
10 0.4090703125 0.44537037037037036 0.004598958333333333 0.016666666666666666
14 0.4196770833333333 0.4910462962962963 0.027895833333333335 0.03579629629629629
10 0.4019192708333333 0.4492453703703704 0.0038385416666666668 0.020712962962962964
14 0.42593749999999997 0.43753240740740745 0.012291666666666668 0.02876851851851852
14 0.443578125 0.43845833333333334 0.023614583333333335 0.03062037037037037
14 0.22915364583333334 0.4620462962962963 0.015598958333333333 0.016685185185185185
14 0.15470572916666667 0.47284722222222225 0.008369791666666666 0.016064814814814816
14 0.008328125 0.5306666666666666 0.01665625 0.03355555555555556
14 0.06688020833333333 0.5539814814814814 0.07230208333333334 0.04314814814814815
14 0.009635416666666667 0.637962962962963 0.019270833333333334 0.07962962962962963
10 0.13320052083333334 0.7076388888888889 0.017442708333333334 0.0837962962962963