14 0.5506119791666666 0.28218518518518515 0.05434895833333333 0.03288888888888889
14 0.20688020833333332 0.3215509259259259 0.05334375 0.050509259259259254
14 0.25898177083333335 0.3390972222222222 0.06483854166666667 0.06152777777777778
14 0.3169427083333333 0.31546296296296295 0.056802083333333336 0.04759259259259259
14 0.4472083333333333 0.3151481481481482 0.10170833333333333 0.06733333333333333
10 0.415875 0.34194444444444444 0.007791666666666667 0.050555555555555555
10 0.41421874999999997 0.3220925925925926 0.008645833333333333 0.025666666666666664
10 0.4861510416666667 0.3439907407407407 0.008760416666666666 0.054648148148148154
10 0.5070885416666667 0.34181944444444445 0.00896875 0.05586111111111111
14 0.007552083333333333 0.30925925925925923 0.015104166666666667 0.07037037037037037
10 0.43729687500000003 0.34608796296296296 0.010010416666666666 0.05699074074074074