14 0.2837265625 0.4920694444444444 0.06328645833333334 0.09895370370370371
14 0.394234375 0.4331527777777778 0.11659375000000001 0.07926851851851852
14 0.025455729166666666 0.39394907407407403 0.04674479166666667 0.037898148148148146
14 0.37113802083333336 0.5616620370370371 0.06935937499999999 0.13258333333333333
14 0.09870572916666666 0.3789351851851852 0.053661458333333335 0.0375
14 0.23961979166666666 0.34406481481481477 0.03340625 0.04368518518518519
14 0.32113020833333333 0.3222592592592593 0.027677083333333335 0.03155555555555555
10 0.46046614583333334 0.5038101851851852 0.017807291666666666 0.0909537037037037
10 0.36453385416666667 0.48415277777777777 0.016567708333333334 0.033120370370370376
10 0.3463932291666667 0.5022731481481482 0.014661458333333332 0.05269444444444444
10 0.155140625 0.5038425925925926 0.010281249999999999 0.0799074074074074