14 0.0035182291666666665 0.3457638888888889 0.007036458333333333 0.03782407407407407
14 0.2531380208333333 0.348287037037037 0.047942708333333334 0.05398148148148148
14 0.4111927083333333 0.3091435185185185 0.07446875 0.05717592592592593
14 0.390515625 0.27697685185185184 0.022697916666666665 0.013212962962962963
14 0.6399244791666666 0.4061574074074074 0.11005729166666667 0.10675925925925926
14 0.73003125 0.3500787037037037 0.11735416666666666 0.12052777777777776
14 0.7674140625 0.26641203703703703 0.019203124999999998 0.02171296296296296
14 0.7494661458333333 0.2585601851851852 0.014557291666666666 0.03378703703703704
10 0.17126302083333333 0.3853009259259259 0.010234374999999999 0.05949074074074074
10 0.2055390625 0.3827731481481481 0.011078125 0.0655462962962963
6 0.20315625 0.35688888888888887 0.0021458333333333334 0.00637037037037037
6 0.17093489583333332 0.36539814814814814 0.002286458333333333 0.00487037037037037