10 0.96015625 0.32175925925925924 0.008854166666666666 0.04351851851851852
14 0.9067708333333333 0.2935185185185185 0.025 0.05
14 0.9455390625 0.38502777777777775 0.100453125 0.09598148148148147
10 0.9891380208333334 0.44519444444444445 0.017859375 0.10335185185185186
14 0.7031432291666667 0.2525601851851852 0.09274479166666666 0.06623148148148149
14 0.9653333333333334 0.30621296296296296 0.03275 0.04575925925925926
10 0.9955729166666667 0.3421296296296296 0.0067708333333333336 0.023148148148148147
14 0.5216640625 0.7651481481481481 0.7693697916666667 0.4691851851851852
14 0.9567994791666667 0.4511527777777778 0.049015625 0.09674999999999999
14 0.9508411458333333 0.29067592592592595 0.025640624999999997 0.04061111111111111
10 0.9765286458333333 0.3272222222222222 0.008265625 0.04148148148148148