14 0.1328125 0.9550925925925926 0.153125 0.08981481481481482
14 0.38285677083333336 0.30091203703703706 0.015713541666666667 0.022194444444444444
14 0.49496614583333337 0.2891296296296296 0.030557291666666667 0.02085185185185185
14 0.6073020833333334 0.27832407407407406 0.03127083333333333 0.058499999999999996
14 0.6924427083333333 0.28023148148148147 0.021343749999999998 0.025277777777777777
14 0.44492447916666666 0.42621759259259256 0.09401562499999999 0.10058333333333333
14 0.5157838541666667 0.38410185185185186 0.070109375 0.0756111111111111
14 0.579125 0.2831296296296296 0.013458333333333333 0.031074074074074077
10 0.5527890625 0.38125925925925924 0.011828125 0.06992592592592592
10 0.6560833333333334 0.4898518518518518 0.01633333333333333 0.11674074074074074
10 0.7120546875 0.43395833333333333 0.014734375 0.07532407407407407
10 0.7436145833333333 0.3362546296296296 0.010145833333333333 0.05028703703703704
10 0.7642786458333333 0.27518055555555554 0.005640625 0.013324074074074075
10 0.5493307291666666 0.2923194444444444 0.004911458333333333 0.017972222222222223
10 0.41839062499999996 0.32212037037037033 0.004489583333333333 0.018314814814814815
10 0.42286718749999996 0.31904166666666667 0.004067708333333333 0.01586111111111111
10 0.4475104166666667 0.3036111111111111 0.0054375 0.020185185185185184