14 0.30520833333333336 0.8351851851851851 0.18541666666666667 0.3296296296296296
14 0.22448177083333334 0.6784629629629629 0.204171875 0.281
14 0.40681770833333336 0.432837962962963 0.12092708333333334 0.10271296296296296
14 0.5824505208333334 0.4073935185185185 0.063859375 0.10552777777777778
14 0.5651041666666666 0.38155555555555554 0.07083333333333333 0.08348148148148148
14 0.605109375 0.28694907407407405 0.03417708333333334 0.06278703703703704
14 0.49293229166666663 0.29835185185185187 0.038989583333333334 0.026333333333333334
14 0.6741822916666667 0.2857453703703704 0.03482291666666667 0.02889814814814815
14 0.18386979166666664 0.42089814814814813 0.05315625 0.07142592592592592
14 0.21297135416666665 0.38288425925925923 0.034276041666666666 0.062064814814814816
10 0.29095052083333334 0.7731712962962963 0.046484375 0.09078703703703704
10 0.029765625 0.539337962962963 0.019947916666666666 0.10089814814814815
10 0.013981770833333332 0.5456527777777778 0.018588541666666666 0.0968611111111111