14 0.21837499999999999 0.34380555555555553 0.04091666666666667 0.03205555555555555
10 0.29521875000000003 0.3939398148148148 0.0123125 0.05269444444444444
14 0.05772916666666667 0.4438611111111111 0.07066666666666667 0.10809259259259259
14 0.497265625 0.29606481481481484 0.03723958333333333 0.02361111111111111
10 0.5567708333333333 0.3042592592592593 0.007291666666666667 0.028888888888888888
10 0.28315625 0.3674444444444444 0.009020833333333334 0.020074074074074074
10 0.5697838541666667 0.30390740740740746 0.005192708333333334 0.028185185185185185
10 0.2922708333333333 0.36527777777777776 0.007458333333333333 0.019444444444444445
14 0.05375520833333333 0.699162037037037 0.10751041666666666 0.21499074074074073
14 0.2655651041666667 0.3534027777777778 0.024880208333333334 0.041990740740740745
14 0.7535546875 0.29186574074074073 0.020651041666666665 0.03187962962962963
14 0.6355260416666667 0.30787037037037035 0.021052083333333336 0.04722222222222222
10 0.5655494791666666 0.3030555555555556 0.005057291666666667 0.026481481481481484
14 0.08095052083333334 0.3939259259259259 0.02127604166666667 0.04525925925925926