10 0.3617604166666667 0.9595648148148147 0.05477083333333333 0.08024074074074074
14 0.4493385416666667 0.4267268518518519 0.10284375 0.10160185185185186
14 0.3765546875 0.3050925925925926 0.042692708333333336 0.025
14 0.4924036458333333 0.29252314814814817 0.03480729166666666 0.022083333333333333
14 0.6080598958333333 0.2813101851851852 0.03174479166666667 0.05706481481481482
14 0.5481953125000001 0.2924907407407407 0.016182291666666668 0.03498148148148148
14 0.6937916666666666 0.2820925925925926 0.019874999999999997 0.025296296296296296
14 0.71375 0.2892037037037037 0.02333333333333333 0.028407407407407406
14 0.7466458333333333 0.28785185185185186 0.018291666666666664 0.02940740740740741
10 0.4580703125 0.3051851851851852 0.004682291666666667 0.02148148148148148
10 0.46138541666666666 0.3035787037037037 0.004020833333333333 0.020120370370370372
10 0.0036458333333333334 0.637962962962963 0.007291666666666667 0.046296296296296294
10 0.7174505208333334 0.2905277777777778 0.0046927083333333335 0.02735185185185185