14 0.192765625 0.47376388888888893 0.10428125 0.07900925925925925
14 0.32090885416666665 0.6206203703703703 0.3001510416666667 0.3042037037037037
14 0.8534739583333334 0.39797685185185183 0.03403125 0.025583333333333333
14 0.7531510416666667 0.3990324074074074 0.020885416666666667 0.040657407407407406
14 0.7817916666666667 0.3946481481481482 0.028166666666666666 0.030037037037037036
14 0.6667083333333333 0.4000972222222222 0.0355 0.02426851851851852
10 0.09091666666666667 0.5037592592592592 0.009958333333333335 0.03529629629629629
10 0.08228385416666667 0.4963333333333333 0.006234375 0.022296296296296293
10 0.07861197916666667 0.5196018518518518 0.010348958333333333 0.0317962962962963
10 0.17687760416666667 0.4200787037037037 0.006880208333333334 0.023490740740740743
10 0.48248697916666666 0.552236111111111 0.018098958333333335 0.04521296296296296
10 0.6215677083333334 0.49247685185185186 0.009802083333333333 0.03680555555555556
10 0.6158020833333333 0.4820509259259259 0.0055625 0.025212962962962965
10 0.6307109375 0.47820833333333335 0.009338541666666667 0.037898148148148146
10 0.6608932291666666 0.47862962962962957 0.009286458333333332 0.03874074074074074
10 0.6767994791666666 0.46385185185185185 0.009848958333333333 0.02214814814814815
10 0.6882890625000001 0.460787037037037 0.008869791666666666 0.01787037037037037
10 0.7542760416666667 0.4186712962962963 0.00646875 0.02623148148148148
10 0.7605859375 0.419837962962963 0.004505208333333333 0.02486111111111111
14 0.8126588541666667 0.4317361111111111 0.039901041666666665 0.044953703703703704
14 0.6327447916666666 0.4391481481481481 0.06548958333333334 0.09125925925925926
14 0.8028072916666668 0.3894490740740741 0.011864583333333335 0.015935185185185188
14 0.03782291666666667 0.45399537037037035 0.019395833333333334 0.03762037037037037
14 0.09367968750000001 0.479712962962963 0.022776041666666667 0.04646296296296296