14 0.43172656249999997 0.5005601851851852 0.05928645833333333 0.10852777777777778
14 0.6593515624999999 0.40311111111111114 0.09474479166666666 0.07844444444444444
10 0.2886458333333334 0.5773148148148148 0.01583333333333333 0.10462962962962963
10 0.2066875 0.5550092592592593 0.02795833333333333 0.09705555555555555
10 0.22864583333333333 0.5587962962962963 0.01875 0.10092592592592593
10 0.2625572916666667 0.5863333333333334 0.02615625 0.10785185185185185
10 0.18745052083333333 0.5024398148148148 0.015526041666666665 0.06599074074074074
10 0.26015625 0.5194444444444445 0.015104166666666667 0.06296296296296296
10 0.2462109375 0.5249768518518518 0.020546875000000003 0.09069444444444445
14 0.5731848958333334 0.39183333333333337 0.09324479166666667 0.06885185185185184
10 0.14582291666666666 0.46237962962962964 0.0145625 0.009944444444444445
10 0.176796875 0.5053796296296296 0.014010416666666666 0.05890740740740741
10 0.22400520833333332 0.5466944444444444 0.017802083333333333 0.09709259259259259