10 0.13165885416666667 0.7127685185185185 0.019567708333333333 0.0922037037037037
14 0.13742447916666667 0.4859166666666666 0.03943229166666666 0.0422037037037037
10 0.07369791666666667 0.6666666666666666 0.016145833333333335 0.04259259259259259
14 0.34802864583333337 0.45668055555555553 0.015848958333333333 0.02262037037037037
10 0.08627343750000001 0.6587314814814814 0.012130208333333333 0.03783333333333333
10 0.07879427083333333 0.7186527777777778 0.025296875 0.09656481481481483
10 0.21763281250000002 0.7012592592592592 0.025890625 0.05437037037037037
10 0.09765625 0.6721574074074074 0.013020833333333334 0.051722222222222225
10 0.15915885416666667 0.683425925925926 0.012067708333333335 0.07055555555555555
10 0.13036197916666667 0.6733842592592593 0.015932291666666668 0.02825
14 0.01171875 0.6430555555555556 0.0234375 0.08055555555555556
14 0.008052083333333333 0.5335787037037036 0.016104166666666666 0.03567592592592593
14 0.15484114583333333 0.47379166666666667 0.008640625 0.01425
14 0.22961718750000001 0.464 0.015484375 0.016888888888888887
14 0.4330416666666667 0.4556574074074074 0.02025 0.035388888888888886
14 0.419203125 0.49374537037037036 0.027989583333333335 0.035638888888888894
14 0.4404088541666667 0.42669907407407404 0.018317708333333335 0.029324074074074075
10 0.44264322916666665 0.4364861111111111 0.004036458333333334 0.017416666666666667