10 0.7338723958333334 0.5057407407407408 0.013578125 0.05222222222222222
14 0.2652552083333333 0.8163935185185186 0.09613541666666667 0.23278703703703704
14 0.8181458333333332 0.5824305555555556 0.14150000000000001 0.1574537037037037
14 0.07594270833333333 0.8262685185185186 0.07584375 0.09698148148148147
14 0.6626328125000001 0.6828148148148149 0.12422395833333333 0.1582222222222222
14 0.5733437499999999 0.7169814814814816 0.1123125 0.1821111111111111
14 0.36155468749999997 0.7918379629629629 0.082484375 0.20589814814814816
14 0.16447916666666668 0.8853194444444444 0.10916666666666666 0.17619444444444443
14 0.7480859375000001 0.6277222222222223 0.133671875 0.1758148148148148
14 0.6777135416666666 0.5839120370370371 0.05646875 0.06597222222222222
14 0.616296875 0.6122407407407408 0.061760416666666665 0.07262962962962963
14 0.538203125 0.6424398148148148 0.06286458333333333 0.08673148148148148
14 0.4723776041666667 0.6773888888888889 0.05933854166666667 0.07144444444444444
14 0.47587500000000005 0.7840555555555555 0.10279166666666667 0.19033333333333333
14 0.4038333333333333 0.6519583333333333 0.09308333333333334 0.0761388888888889
14 0.27641927083333334 0.6906111111111112 0.092421875 0.08122222222222222
14 0.08682552083333332 0.747 0.050734375 0.07733333333333332
14 0.014786458333333334 0.7795509259259259 0.029572916666666667 0.05539814814814815
14 0.8975520833333334 0.5598888888888889 0.08052083333333333 0.10311111111111111