14 0.3990182291666667 0.28415277777777775 0.03553645833333333 0.033120370370370376
14 0.5761510416666666 0.2547083333333333 0.031468750000000004 0.01867592592592593
14 0.840375 0.33299074074074075 0.08595833333333333 0.06783333333333334
14 0.6828723958333334 0.2567824074074074 0.01678645833333333 0.02837962962962963
14 0.020729166666666667 0.33752777777777776 0.03625 0.02875925925925926
14 0.6500729166666667 0.25916666666666666 0.011604166666666667 0.018333333333333333
10 0.6588541666666666 0.2490601851851852 0.005208333333333333 0.018490740740740738
10 0.32965625000000004 0.05464351851851852 0.005145833333333334 0.024101851851851853
10 0.3248880208333333 0.30230555555555555 0.004984375 0.028685185185185185
14 0.28106510416666663 0.30475925925925923 0.023588541666666667 0.01877777777777778
10 0.6238020833333333 0.25205092592592593 0.0028125000000000003 0.01336111111111111
14 0.6269713541666667 0.246212962962963 0.02477604166666667 0.014648148148148148