10 0.03505208333333333 0.5322824074074074 0.020104166666666666 0.09419444444444444
10 0.22266666666666665 0.38085185185185183 0.008875 0.039481481481481485
10 0.5209479166666667 0.39416666666666667 0.015854166666666666 0.06981481481481482
10 0.6002578125 0.367587962962963 0.011973958333333333 0.03147222222222222
14 0.49335677083333335 0.2997916666666666 0.039838541666666664 0.02550925925925926
14 0.2890625 0.3584074074074074 0.027083333333333334 0.0594074074074074
14 0.3308098958333333 0.3572916666666667 0.030369791666666666 0.05717592592592593
14 0.6057291666666667 0.28618518518518515 0.030208333333333334 0.0594074074074074
14 0.6861536458333333 0.28831944444444446 0.028557291666666665 0.02663888888888889
14 0.5615729166666666 0.37352314814814813 0.059604166666666666 0.07852777777777778
14 0.18533072916666665 0.42185648148148147 0.05399479166666667 0.0844537037037037