14 0.008729166666666666 0.3047222222222222 0.016416666666666666 0.0612962962962963
14 0.19014322916666665 0.32025 0.087578125 0.04790740740740741
14 0.2578802083333333 0.3395185185185185 0.06263541666666667 0.05496296296296296
14 0.3182317708333333 0.31377314814814816 0.056255208333333334 0.04236111111111111
14 0.44424739583333334 0.32205555555555554 0.09266145833333334 0.04596296296296296
14 0.5440286458333333 0.28237962962962965 0.043265624999999995 0.03512962962962963
14 0.7670338541666666 0.3582546296296297 0.11844270833333333 0.09428703703703703
10 0.44452604166666665 0.3690787037037037 0.008843750000000001 0.045564814814814815
6 0.4444739583333333 0.35270370370370374 0.0024895833333333337 0.005407407407407408
10 0.2962473958333333 0.3712777777777778 0.013328125 0.049962962962962966
10 0.3238203125 0.3604953703703703 0.008057291666666667 0.061731481481481484