14 0.46604166666666663 0.38219907407407405 0.10395833333333333 0.0773611111111111
14 0.6604036458333333 0.3831527777777778 0.05830729166666667 0.09037962962962963
14 0.7042890624999999 0.2855462962962963 0.033578125 0.0285
14 0.6053046875 0.2842268518518518 0.032484374999999996 0.05549074074074074
14 0.49333333333333335 0.295125 0.04083333333333334 0.025435185185185186
14 0.14860677083333332 0.42574537037037036 0.05033854166666667 0.08112037037037037
14 0.7406432291666667 0.296625 0.019828125 0.03584259259259259
10 0.06348958333333334 0.4466157407407408 0.014479166666666666 0.05619444444444444
10 0.5010416666666667 0.9564814814814815 0.051041666666666666 0.08703703703703704
10 0.7587760416666666 0.2908935185185185 0.006093749999999999 0.020675925925925924
14 0.07039583333333334 0.3356111111111111 0.01891666666666667 0.02862962962962963