14 0.007552083333333333 0.3349722222222222 0.0140625 0.04031481481481482
14 0.2607109375 0.34247685185185184 0.048505208333333334 0.05717592592592593
10 0.274296875 0.3696666666666667 0.009010416666666667 0.06525925925925927
6 0.27212239583333336 0.34453703703703703 0.0036197916666666666 0.007592592592592592
14 0.42090364583333334 0.3047916666666667 0.08243229166666667 0.04847222222222222
14 0.6369140625 0.39 0.12486979166666666 0.13185185185185186
14 0.7404375000000001 0.3413981481481481 0.11420833333333333 0.12353703703703703
14 0.97578125 0.32083333333333336 0.0484375 0.04351851851851852
14 0.7751927083333333 0.26425925925925925 0.01913541666666667 0.02666666666666667
14 0.7589713541666666 0.2560972222222222 0.013776041666666666 0.03626851851851852
14 0.6760052083333333 0.2584351851851852 0.03846875 0.035388888888888886