14 0.6377786458333333 0.3910092592592593 0.12972395833333333 0.14683333333333334
14 0.008333333333333333 0.3365740740740741 0.016666666666666666 0.04351851851851852
14 0.4171119791666667 0.3008148148148148 0.08630729166666667 0.06274074074074075
14 0.37057552083333334 0.29662962962962963 0.05990104166666667 0.05807407407407407
14 0.7564739583333334 0.25471759259259263 0.022322916666666668 0.040916666666666664
10 0.17241406250000002 0.3782962962962963 0.013578125 0.06770370370370371
14 0.26060677083333333 0.3414537037037037 0.05246354166666667 0.058833333333333335
10 0.37417447916666663 0.3494351851851852 0.012932291666666667 0.05998148148148148
10 0.4026901041666667 0.34131944444444445 0.009546875 0.06412037037037037
14 0.006541666666666667 0.40627314814814813 0.013083333333333334 0.045879629629629624
10 0.2739036458333333 0.35550462962962964 0.009265625 0.05360185185185185