14 0.6516380208333333 0.5323194444444445 0.1626510416666667 0.12575
14 0.5357526041666667 0.4961666666666667 0.1548385416666667 0.11085185185185185
14 0.2231484375 0.4276388888888889 0.10671354166666666 0.0700925925925926
14 0.3632317708333333 0.5053564814814815 0.097296875 0.10700925925925925
14 0.2818072916666666 0.4495092592592593 0.08653124999999999 0.09716666666666667
14 0.4364557291666667 0.456537037037037 0.09374479166666667 0.07048148148148149
14 0.30094791666666665 0.38891666666666663 0.07793749999999999 0.02783333333333333
10 0.413609375 0.5188657407407408 0.020968749999999998 0.09328703703703704
14 0.38321354166666666 0.4369444444444444 0.10601041666666666 0.05907407407407407
14 0.26707291666666666 0.381712962962963 0.03310416666666667 0.024537037037037038
14 0.13912239583333333 0.38695370370370374 0.039703125 0.04242592592592593