14 0.5891927083333334 0.376625 0.03671875 0.03658333333333333
14 0.6220651041666667 0.37784259259259256 0.030588541666666667 0.03716666666666667
14 0.6886927083333333 0.38346759259259255 0.030510416666666665 0.03730555555555556
10 0.4069192708333333 0.6173935185185185 0.021130208333333334 0.09589814814814814
10 0.6152916666666666 0.5213888888888889 0.013916666666666666 0.07055555555555555
10 0.45687500000000003 0.6298148148148148 0.018958333333333334 0.10592592592592594
14 0.844328125 0.39975462962962965 0.01990625 0.03099074074074074
10 0.4284921875 0.6620370370370371 0.027817708333333333 0.12037037037037036
14 0.49727343749999997 0.5641574074074074 0.100796875 0.12090740740740742
14 0.65234375 0.3857824074074074 0.0265625 0.030824074074074073
14 0.5828619791666667 0.48261574074074076 0.051140625 0.08930555555555555
14 0.008966145833333333 0.6497314814814815 0.017932291666666666 0.0902037037037037