14 0.4651302083333333 0.3815925925925926 0.10317708333333334 0.078
14 0.5213619791666667 0.6287592592592592 0.20001562499999997 0.2704814814814815
14 0.6046796874999999 0.28588425925925925 0.034359375 0.058805555555555555
14 0.49271354166666664 0.29562499999999997 0.04063541666666667 0.026435185185185187
14 0.705609375 0.2841064814814815 0.028927083333333332 0.031175925925925926
10 0.7081354166666666 0.8888888888888888 0.058979166666666666 0.2222222222222222
10 0.5093802083333333 0.40831481481481485 0.016677083333333335 0.07774074074074074
10 0.09296093750000001 0.41897222222222225 0.011963541666666666 0.04535185185185185
14 0.789578125 0.2750416666666667 0.01665625 0.02415740740740741
10 0.7749479166666667 0.2756898148148148 0.006145833333333334 0.02175
14 0.048364583333333336 0.3876898148148148 0.025895833333333333 0.034638888888888886
14 0.21242447916666668 0.3371064814814815 0.018598958333333335 0.02236111111111111