14 0.6967994791666666 0.7473287037037037 0.18630729166666665 0.33539814814814817
14 0.6185755208333333 0.5850416666666667 0.104859375 0.16637962962962963
14 0.5714895833333333 0.5435462962962962 0.05339583333333333 0.09079629629629629
14 0.5483255208333334 0.4916342592592593 0.06540104166666666 0.08882407407407408
14 0.52503125 0.4641018518518519 0.04172916666666667 0.07820370370370369
14 0.4982552083333333 0.4267638888888889 0.031927083333333335 0.05167592592592593
14 0.5139140625 0.4455138888888889 0.03199479166666667 0.05399074074074074
14 0.6543307291666667 0.4051712962962963 0.06178645833333333 0.09182407407407407
14 0.9108333333333333 0.5167824074074074 0.15812500000000002 0.1502314814814815
14 0.8385989583333334 0.977287037037037 0.18761458333333333 0.045314814814814815
10 0.9872395833333333 0.5564814814814815 0.025520833333333333 0.14074074074074075
10 0.9212526041666667 0.5461157407407408 0.027921875 0.12926851851851853
10 0.9553619791666667 0.5486296296296296 0.027390625000000002 0.13799999999999998
10 0.9763385416666667 0.529787037037037 0.01621875 0.10031481481481481