14 0.7196536458333332 0.4625787037037037 0.04868229166666667 0.10108333333333333
14 0.601125 0.5838425925925925 0.074125 0.1325
14 0.7678177083333334 0.4637453703703704 0.05126041666666667 0.09786111111111111
10 0.7504427083333333 0.4255972222222222 0.011302083333333332 0.051194444444444445
10 0.8040651041666667 0.46197685185185183 0.008130208333333333 0.05173148148148148
14 0.48975520833333336 0.4260277777777778 0.029510416666666664 0.052055555555555556
10 0.7151328125 0.4135046296296296 0.010473958333333333 0.01589814814814815
10 0.8159609375 0.46315277777777775 0.006921874999999999 0.05037962962962963
14 0.8686432291666667 0.47859722222222223 0.07999479166666666 0.09423148148148147
10 0.9064270833333333 0.4409861111111111 0.004520833333333333 0.04123148148148148
14 0.7439765625 0.40623611111111113 0.100453125 0.0939537037037037
10 0.7570390625000001 0.3758425925925926 0.006786458333333333 0.014648148148148148