14 0.7627890625 0.7974768518518518 0.17766145833333333 0.2653240740740741
14 0.0441171875 0.4467731481481481 0.05906770833333333 0.06021296296296296
14 0.5571276041666666 0.5253101851851852 0.06633854166666667 0.08395370370370371
14 0.6379635416666667 0.5156157407407408 0.09467708333333333 0.11271296296296297
14 0.8138567708333333 0.4327083333333333 0.045421874999999994 0.04875
14 0.9576875 0.4940416666666667 0.031000000000000003 0.062157407407407404
14 0.8988411458333334 0.4816435185185185 0.043515624999999995 0.07625
14 0.9439661458333333 0.8363425925925926 0.11189062500000001 0.31157407407407406
14 0.6732994791666667 0.4022824074074074 0.030973958333333333 0.02123148148148148
10 0.49097135416666665 0.4343842592592593 0.013192708333333332 0.059509259259259255
10 0.4942786458333333 0.5315972222222223 0.011473958333333334 0.07060185185185185
14 0.7684921875 0.3960092592592593 0.02969270833333333 0.029055555555555553
14 0.7861380208333333 0.38102777777777774 0.010817708333333334 0.010203703703703703
14 0.8924062500000001 0.4910601851851852 0.0379375 0.09323148148148148