14 0.136203125 0.5670601851851852 0.09323958333333333 0.15078703703703702
14 0.1297421875 0.41647222222222224 0.05219270833333333 0.06812962962962962
14 0.043859375000000006 0.4555648148148148 0.05230208333333333 0.0815
14 0.4860833333333333 0.38733796296296297 0.064875 0.08763888888888889
14 0.574484375 0.3727777777777778 0.07084375000000001 0.09740740740740741
14 0.6042526041666666 0.2851666666666667 0.033505208333333335 0.061074074074074065
14 0.4923411458333333 0.2961481481481481 0.04093229166666667 0.02748148148148148
14 0.7140651041666667 0.32036574074074076 0.035421875000000005 0.05184259259259259
14 0.7045104166666667 0.28474999999999995 0.03402083333333333 0.02875925925925926
10 0.11451822916666667 0.5276157407407408 0.016536458333333334 0.03486111111111111
10 0.41688020833333334 0.43310648148148145 0.01709375 0.08843518518518519
10 0.5039270833333334 0.42777314814814815 0.0130625 0.06850925925925926
10 0.6903854166666666 0.3672916666666667 0.014104166666666666 0.054953703703703706
10 0.09259635416666666 0.4328518518518519 0.010192708333333333 0.026814814814814816