14 0.4843515625 0.3898518518518519 0.059328124999999995 0.08155555555555555
14 0.5743411458333333 0.37847685185185187 0.06847395833333333 0.08473148148148149
14 0.6041145833333333 0.28523611111111113 0.0321875 0.05936111111111111
14 0.6540546875000001 0.29409259259259257 0.017484375 0.028925925925925924
14 0.4925494791666667 0.29659722222222223 0.039265625 0.026527777777777775
14 0.45234114583333335 0.3364074074074074 0.03280729166666667 0.058
14 0.24411197916666666 0.3946851851851852 0.038223958333333335 0.06714814814814815
14 0.043130208333333336 0.5026527777777778 0.08626041666666667 0.09419444444444444
14 0.046424479166666664 0.44878240740740744 0.051182291666666664 0.0679351851851852
10 0.11873697916666666 0.3739675925925926 0.006223958333333333 0.02386111111111111
10 0.1227734375 0.3796759259259259 0.004921875 0.022314814814814815
10 0.14870052083333332 0.4188796296296296 0.009901041666666667 0.050722222222222224
10 0.2755390625 0.4924537037037037 0.015661458333333333 0.09787037037037037
10 0.03584635416666667 0.5291666666666667 0.024817708333333334 0.09537037037037037
10 0.010919270833333333 0.5358611111111111 0.015588541666666667 0.09764814814814814