10 0.7786796875 0.4842592592592593 0.013609375 0.06111111111111111
10 0.7561328125000001 0.436125 0.008098958333333333 0.04262037037037037
10 0.8384322916666667 0.4512731481481482 0.00915625 0.04699074074074074
10 0.7250572916666667 0.44649074074074074 0.009489583333333333 0.04853703703703704
10 0.7052239583333333 0.4479814814814815 0.007322916666666667 0.04781481481481482
10 0.9281901041666667 0.6961851851851851 0.016796875 0.09422222222222222
10 0.7956822916666667 0.4646064814814815 0.009072916666666668 0.05143518518518518
14 0.6012057291666667 0.5745370370370371 0.07428645833333333 0.15833333333333333
14 0.5519296874999999 0.41531944444444446 0.054901041666666664 0.04175
10 0.78515625 0.4050925925925926 0.005729166666666666 0.019444444444444445
14 0.5163880208333333 0.4550740740740741 0.043192708333333336 0.060148148148148145
10 0.9590130208333334 0.42289351851851853 0.005526041666666666 0.040231481481481486
10 0.9441119791666667 0.4189074074074074 0.005932291666666667 0.032259259259259265
14 0.4012135416666667 0.6311111111111112 0.10971875 0.14185185185185184
14 0.18088802083333333 0.4826388888888889 0.05969270833333333 0.050462962962962966
14 0.5015416666666667 0.4161111111111111 0.047875 0.05444444444444444
14 0.7368567708333333 0.4039583333333333 0.10496354166666667 0.08569444444444445
10 0.9043880208333334 0.4171018518518519 0.0066927083333333335 0.026796296296296297
10 0.9071119791666666 0.6566527777777778 0.027765625000000002 0.1003425925925926