14 0.319453125 0.37837499999999996 0.08265625 0.04749074074074074
14 0.2967421875 0.4066342592592593 0.041401041666666666 0.06326851851851852
14 0.1313072916666667 0.37356944444444445 0.04803125 0.07306481481481482
14 0.36833593750000004 0.7535092592592593 0.130421875 0.22924074074074074
14 0.10386458333333334 0.3711157407407408 0.04210416666666667 0.03297222222222222
14 0.045807291666666666 0.38784259259259257 0.04682291666666667 0.034944444444444445
14 0.13596614583333333 0.4123101851851852 0.055265625 0.08573148148148148
10 0.13852604166666668 0.38725462962962964 0.009343750000000001 0.018953703703703702
10 0.21294791666666668 0.5107361111111112 0.014437499999999999 0.08999074074074073
10 0.19848958333333336 0.4945601851851852 0.013645833333333333 0.05393518518518518
10 0.19503645833333336 0.5229768518518519 0.01923958333333333 0.08113888888888889
10 0.16148177083333334 0.5291759259259259 0.018796875 0.08983333333333333