10 0.76875 0.5865370370370371 0.016666666666666666 0.08788888888888889
14 0.5022552083333334 0.41681944444444446 0.05034375 0.05400925925925926
14 0.47874479166666667 0.47850925925925925 0.03561458333333333 0.06998148148148148
14 0.5519505208333333 0.4115833333333333 0.05494270833333333 0.03612962962962963
10 0.6247083333333333 0.45375462962962965 0.007750000000000001 0.05010185185185185
10 0.6945755208333334 0.4854907407407408 0.011026041666666668 0.05616666666666666
10 0.7018177083333333 0.452875 0.009885416666666667 0.050194444444444444
14 0.5913229166666666 0.4658657407407407 0.05972916666666667 0.07062037037037036
10 0.5581875000000001 0.4454398148148148 0.007 0.046435185185185184
10 0.7236119791666666 0.4542453703703703 0.008682291666666668 0.04737962962962963
14 0.40112760416666665 0.630375 0.11058854166666668 0.14037962962962963
14 0.17898697916666664 0.4780694444444445 0.05693229166666667 0.041324074074074076
14 0.4207239583333333 0.4624583333333333 0.07478125000000001 0.0619537037037037
10 0.7299895833333333 0.339537037037037 0.006854166666666666 0.017962962962962962
10 0.72909375 0.36256944444444444 0.010270833333333333 0.041805555555555554
10 0.8051145833333333 0.48881018518518515 0.0060625 0.05354629629629629
14 0.7723359375 0.5315787037037037 0.07071354166666667 0.17426851851851852