14 0.24430989583333332 0.5579722222222222 0.14799479166666665 0.16224074074074074
14 0.07617447916666667 0.4618148148148148 0.11068229166666667 0.08103703703703703
14 0.09610677083333334 0.5556805555555555 0.08804687500000001 0.13173148148148148
14 0.1860755208333333 0.4237962962962963 0.03881770833333333 0.08277777777777778
14 0.28440885416666667 0.4260462962962963 0.12715104166666666 0.07616666666666667
14 0.6935364583333333 0.2830324074074074 0.021447916666666667 0.02902777777777778
14 0.6073203125000001 0.28200000000000003 0.03234895833333333 0.058444444444444445
14 0.4907682291666667 0.29550925925925925 0.026328124999999997 0.0225
14 0.36790104166666665 0.3113888888888889 0.011843749999999998 0.03574074074074074
10 0.3584192708333333 0.4822083333333333 0.016838541666666665 0.10515740740740741
10 0.34170052083333335 0.5069675925925926 0.015692708333333333 0.09356481481481481
10 0.3152421875 0.4685138888888889 0.016942708333333334 0.061101851851851845