14 0.43233333333333335 0.5290416666666666 0.04383333333333333 0.10993518518518519
14 0.7488776041666667 0.38925 0.030046874999999997 0.041462962962962965
14 0.5593802083333334 0.3770601851851852 0.032302083333333335 0.03560185185185186
14 0.6135416666666667 0.3814814814814815 0.03125 0.03518518518518519
14 0.5816536458333333 0.4836712962962963 0.050807291666666664 0.09141666666666667
14 0.6523489583333333 0.3861111111111111 0.027614583333333335 0.03148148148148148
14 0.6876223958333333 0.38425925925925924 0.030453125 0.03888888888888889
14 0.7199947916666667 0.5131620370370371 0.10040625 0.08002777777777778
14 0.879421875 0.4032962962962963 0.02030208333333333 0.03807407407407407
14 0.8436796875 0.4009166666666667 0.02069270833333333 0.03146296296296296
14 0.025437500000000002 0.47236111111111106 0.050875000000000004 0.08546296296296296
14 0.58790625 0.3789583333333333 0.035187500000000003 0.03754629629629629
14 0.7851276041666666 0.3894490740740741 0.026505208333333332 0.045564814814814815
10 0.6741302083333333 0.4915833333333333 0.010760416666666666 0.049833333333333334
10 0.6986536458333333 0.4828703703703704 0.0077239583333333335 0.01574074074074074
10 0.6966354166666666 0.5282175925925926 0.010979166666666667 0.07310185185185185
10 0.6837265625000001 0.5201018518518519 0.012244791666666668 0.06983333333333333
10 0.6846692708333334 0.5075000000000001 0.008921875 0.022407407407407407
10 0.66121875 0.48247222222222225 0.010979166666666667 0.046425925925925926
10 0.6588802083333333 0.5325462962962962 0.01359375 0.07435185185185185
10 0.6317005208333334 0.5273240740740741 0.014442708333333333 0.07687037037037037
10 0.6437552083333333 0.49115740740740743 0.012510416666666666 0.06194444444444445
10 0.6309322916666668 0.4819907407407407 0.010822916666666666 0.03805555555555556
10 0.6179088541666666 0.4956296296296296 0.009776041666666667 0.06162962962962963
10 0.6098125 0.4981527777777778 0.011291666666666667 0.06297222222222222
10 0.6077317708333333 0.5231203703703704 0.012338541666666668 0.07031481481481482
10 0.597546875 0.515912037037037 0.012802083333333332 0.06700925925925927
10 0.5932526041666667 0.5082962962962964 0.008380208333333333 0.06474074074074074
10 0.5897005208333332 0.5003148148148149 0.011692708333333333 0.06174074074074075