14 0.15247135416666666 0.5030092592592592 0.152859375 0.11527777777777778
14 0.48723958333333334 0.4233703703703704 0.10260416666666666 0.1022962962962963
14 0.7363723958333334 0.2946527777777778 0.021703125 0.03375
14 0.6928802083333333 0.2883425925925926 0.02742708333333333 0.028537037037037038
14 0.4932213541666667 0.29743981481481485 0.03852604166666666 0.02450925925925926
14 0.6043307291666667 0.2873148148148148 0.030536458333333336 0.057962962962962966
14 0.6636927083333333 0.2938425925925926 0.01592708333333333 0.03212962962962963
14 0.6343697916666666 0.29709259259259263 0.021864583333333333 0.033074074074074075
10 0.3178828125 0.47055555555555556 0.015973958333333333 0.08370370370370371
10 0.24256770833333335 0.48470833333333335 0.016385416666666666 0.08608333333333333
10 0.23867447916666668 0.4811018518518519 0.010682291666666668 0.09183333333333334
14 0.1472526041666667 0.5388379629629629 0.08825520833333332 0.12952777777777777