10 0.03036458333333333 0.5523379629629629 0.020104166666666666 0.0824537037037037
10 0.010596354166666665 0.5485324074074074 0.012859375000000001 0.08965740740740741
10 0.7637317708333333 0.33722685185185186 0.007671875 0.02075
14 0.09025520833333332 0.3882314814814815 0.03467708333333333 0.04683333333333333
14 0.24436979166666667 0.3897314814814815 0.04082291666666667 0.05538888888888889
14 0.46725260416666664 0.39743055555555556 0.08033854166666667 0.08560185185185186
14 0.5625052083333333 0.37862500000000004 0.06980208333333333 0.08687962962962963
14 0.4536848958333334 0.33794444444444444 0.028203125 0.06292592592592593
14 0.49398437500000003 0.2976435185185185 0.03901041666666667 0.026768518518518518
14 0.6051614583333333 0.2867546296296296 0.033239583333333336 0.0605462962962963
14 0.7084557291666667 0.32081481481481483 0.03253645833333333 0.054592592592592595
14 0.7351744791666667 0.33223148148148146 0.023473958333333333 0.04964814814814814
14 0.6903411458333333 0.28941666666666666 0.023390624999999998 0.028833333333333332