14 0.678125 0.3453703703703704 0.04479166666666667 0.06481481481481481
10 0.6596354166666667 0.3087962962962963 0.0078125 0.03425925925925926
14 0.5438932291666667 0.2964259259259259 0.03986979166666667 0.026185185185185186
14 0.23254947916666666 0.38393055555555555 0.03280729166666667 0.06600925925925927
10 0.07291666666666667 0.4412037037037037 0.011458333333333333 0.032407407407407406
14 0.058291666666666665 0.414125 0.042625 0.05973148148148149
10 0.20625 0.4714259259259259 0.015625 0.08544444444444445
14 0.05305208333333333 0.5105138888888889 0.10610416666666667 0.10621296296296295
14 0.06644010416666667 0.5829444444444445 0.05788020833333333 0.11218518518518518
10 0.10039322916666667 0.4349398148148148 0.010161458333333335 0.03654629629629629
14 0.037414062500000005 0.40249999999999997 0.026911458333333336 0.053148148148148146