10 0.46715625000000005 0.5554490740740741 0.013479166666666665 0.08867592592592592
14 0.7851822916666666 0.3869444444444444 0.025572916666666667 0.044259259259259255
14 0.588515625 0.3768518518518518 0.03640625 0.037037037037037035
14 0.7206979166666667 0.5113842592592592 0.10285416666666666 0.08202777777777778
10 0.22807812500000002 0.6884768518518519 0.019697916666666666 0.12510185185185185
10 0.3517161458333333 0.6102129629629629 0.020098958333333337 0.0945
14 0.7487760416666667 0.3859722222222222 0.02984375 0.04231481481481482
10 0.119484375 0.7106712962962963 0.022302083333333333 0.1324537037037037
10 0.25749218749999997 0.6521203703703703 0.02540104166666667 0.10609259259259259
14 0.5598697916666667 0.3750462962962963 0.032239583333333335 0.035277777777777776
14 0.5833151041666667 0.48210185185185184 0.052046875000000006 0.09198148148148148
10 0.44416406249999996 0.5518287037037037 0.013328125 0.0814351851851852
14 0.687421875 0.38222222222222224 0.030052083333333333 0.03851851851851852
14 0.6526562499999999 0.38453703703703707 0.0271875 0.030185185185185186
10 0.19296875 0.6882037037037037 0.027604166666666666 0.10418518518518519
14 0.830234375 0.3789814814814815 0.018802083333333334 0.026481481481481484
10 0.8201041666666666 0.37962962962962965 0.006875 0.03333333333333333
14 0.8440624999999999 0.39759259259259255 0.02041666666666667 0.03222222222222222
14 0.43241406250000003 0.5284305555555556 0.043994791666666665 0.11056481481481481
14 0.8800052083333333 0.40019907407407407 0.019385416666666665 0.03743518518518518
14 0.879171875 0.377462962962963 0.019802083333333335 0.029
14 0.025 0.475462962962963 0.05 0.08425925925925926