14 0.20724479166666668 0.5323935185185186 0.28428125000000004 0.27589814814814817
14 0.5581692708333333 0.6953009259259259 0.18508854166666666 0.33689814814814817
14 0.7362317708333334 0.2873425925925926 0.030796875 0.06912962962962962
14 0.6947291666666667 0.28252314814814816 0.020708333333333332 0.026157407407407407
14 0.6078125 0.28326851851851853 0.03229166666666667 0.06283333333333334
14 0.49404166666666666 0.29318518518518516 0.039125 0.02525925925925926
14 0.3979973958333333 0.31556944444444446 0.026203125 0.055212962962962964
14 0.47222135416666666 0.30825 0.015276041666666665 0.03501851851851852
10 0.18970572916666667 0.6118935185185186 0.02941145833333333 0.12378703703703703
10 0.5798333333333333 0.3870324074074074 0.01175 0.07036111111111111
10 0.5908958333333333 0.3821203703703704 0.012 0.047574074074074074
10 0.7330546874999999 0.3220092592592592 0.007776041666666666 0.042166666666666665
10 0.7591822916666667 0.42083796296296294 0.013156250000000001 0.08241666666666667