14 0.6260130208333333 0.38492129629629634 0.09577604166666666 0.06243518518518519
14 0.49921875 0.3333333333333333 0.0328125 0.046296296296296294
14 0.2620416666666667 0.4587777777777778 0.08554166666666667 0.11940740740740742
10 0.19781510416666667 0.49568981481481483 0.014380208333333333 0.07286111111111111
10 0.03955989583333333 0.5321666666666667 0.015578125 0.04766666666666666
10 0.0151484375 0.5333518518518519 0.012588541666666668 0.04633333333333333
10 0.17723177083333336 0.5195648148148148 0.020088541666666668 0.07431481481481482
14 0.25321354166666665 0.6965416666666666 0.14809375 0.1986388888888889
10 0.2486015625 0.43750925925925926 0.019078125 0.054648148148148154
10 0.1884921875 0.46542592592592597 0.010317708333333333 0.05492592592592593
10 0.041502604166666665 0.5114768518518519 0.010088541666666668 0.02110185185185185