14 0.008015625 0.3103287037037037 0.01603125 0.06510185185185186
14 0.20867187499999998 0.3209351851851852 0.061093749999999995 0.04742592592592593
14 0.25729166666666664 0.3378425925925926 0.06354166666666666 0.05531481481481482
14 0.31916666666666665 0.3123796296296296 0.05291666666666666 0.04512962962962963
14 0.4441041666666667 0.3184074074074074 0.09341666666666668 0.060888888888888895
14 0.5475130208333333 0.28329629629629627 0.050234375000000005 0.038814814814814816
10 0.053742187500000003 0.37760648148148146 0.010609375 0.06447222222222222
10 0.09536718749999999 0.3784675925925926 0.009484375 0.062490740740740736
6 0.09606510416666666 0.35726388888888894 0.0025468749999999997 0.003416666666666667
6 0.05194010416666666 0.35467592592592595 0.001796875 0.003796296296296296
14 0.779578125 0.28671296296296295 0.010197916666666666 0.038240740740740735