10 0.7968125 0.6362361111111111 0.03945833333333334 0.13358333333333333
14 0.6699661458333334 0.6177777777777779 0.14097395833333334 0.13555555555555557
14 0.79703125 0.5085925925925926 0.18364583333333334 0.14681481481481481
14 0.9286458333333333 0.3469027777777777 0.14270833333333333 0.13639814814814816
14 0.9828125 0.2722222222222222 0.034375 0.05925925925925926
14 0.963515625 0.2636388888888889 0.028072916666666666 0.021722222222222223
14 0.9431666666666667 0.2277546296296296 0.029041666666666667 0.03513888888888889
14 0.9718333333333333 0.22405092592592593 0.035333333333333335 0.03513888888888889
14 0.9846354166666667 0.19675925925925927 0.030729166666666665 0.023148148148148147
14 0.900828125 0.23895833333333333 0.015197916666666667 0.02050925925925926
14 0.8838046875 0.2430925925925926 0.025942708333333335 0.028777777777777777
14 0.8759453125000001 0.25440277777777776 0.02168229166666667 0.02362037037037037
14 0.86165625 0.2621111111111111 0.0139375 0.02051851851851852
14 0.846171875 0.2670185185185185 0.02671875 0.03033333333333333
14 0.8285911458333334 0.2798981481481482 0.034265625 0.030166666666666665