14 0.6890442708333333 0.28603703703703703 0.030171875 0.02948148148148148
14 0.6062109375 0.28356018518518517 0.033255208333333335 0.05971296296296296
14 0.4920807291666666 0.2930462962962963 0.038328125000000005 0.02312962962962963
14 0.38812239583333336 0.301087962962963 0.031453125 0.024398148148148148
14 0.3626666666666667 0.3021712962962963 0.014916666666666667 0.019157407407407408
14 0.3992057291666667 0.32079166666666664 0.019244791666666667 0.04158333333333333
14 0.35381250000000003 0.3173148148148148 0.019083333333333334 0.03462962962962963
10 0.5740130208333334 0.2863472222222222 0.004276041666666667 0.015287037037037038
10 0.4837916666666667 0.3094351851851852 0.005083333333333333 0.020722222222222222
10 0.49557291666666664 0.9527777777777777 0.0640625 0.09444444444444444
14 0.24455989583333335 0.3344537037037037 0.024536458333333334 0.037425925925925925