14 0.1264609375 0.579375 0.09979687500000001 0.14949074074074073
14 0.4920130208333333 0.4255833333333333 0.09235937500000001 0.10857407407407407
14 0.6667239583333333 0.31701851851851853 0.039697916666666666 0.047
14 0.6054635416666667 0.2866620370370371 0.03488541666666667 0.06036111111111111
14 0.49509375 0.2977546296296296 0.0401875 0.02884259259259259
14 0.021817708333333335 0.4362638888888889 0.032177083333333335 0.06326851851851852
10 0.4205859375 0.4514537037037037 0.010963541666666667 0.08624074074074074
10 0.4125 0.45051851851851854 0.010416666666666666 0.08437037037037037
10 0.4365234375 0.44493055555555555 0.014713541666666666 0.09171296296296295
10 0.45027083333333334 0.43954629629629627 0.013041666666666667 0.08094444444444444
10 0.05566145833333334 0.42771296296296296 0.010281249999999999 0.03690740740740741
10 0.5051927083333333 0.3283009259259259 0.008302083333333333 0.03067592592592593
14 0.7227864583333333 0.3009907407407407 0.023697916666666666 0.04087037037037037
10 0.48621875 0.3377777777777778 0.028687499999999998 0.05148148148148148