10 0.6055442708333333 0.4534861111111111 0.007963541666666666 0.04030555555555556
10 0.5930286458333334 0.4542638888888889 0.007932291666666667 0.04000925925925926
14 0.3404270833333333 0.523912037037037 0.09856250000000001 0.0774537037037037
10 0.29915885416666665 0.6268518518518519 0.023317708333333336 0.08148148148148149
10 0.26817708333333334 0.6140648148148149 0.01864583333333333 0.09294444444444444
10 0.0183828125 0.4715694444444445 0.005515625 0.03017592592592593
10 0.3683020833333333 0.8269907407407407 0.030354166666666668 0.20027777777777778
14 0.03619791666666667 0.7810185185185186 0.07135416666666666 0.175
10 0.3983333333333333 0.8024675925925926 0.030000000000000002 0.15308333333333335
14 0.39113020833333334 0.4408611111111111 0.04996875 0.026166666666666668
14 0.16997395833333334 0.659587962962963 0.19098958333333332 0.22658333333333333
14 0.6798984375 0.46973148148148147 0.028546875000000003 0.059833333333333336
10 0.5598255208333334 0.48778703703703696 0.010276041666666668 0.04594444444444444
10 0.3536770833333333 0.7852824074074074 0.02714583333333333 0.17797222222222223