14 0.44678645833333336 0.43042129629629633 0.09982291666666666 0.10528703703703703
14 0.13229166666666667 0.9560185185185185 0.15625 0.08796296296296297
14 0.5171380208333333 0.38651851851851854 0.073859375 0.08044444444444444
14 0.6087890625 0.28123611111111113 0.031119791666666667 0.056916666666666664
14 0.693625 0.2823981481481482 0.020583333333333335 0.025907407407407407
14 0.49001302083333337 0.2919259259259259 0.026901041666666667 0.024592592592592593
14 0.3845572916666667 0.3015833333333333 0.01598958333333333 0.02353703703703704
14 0.5796770833333333 0.2841574074074074 0.013520833333333334 0.03127777777777778
14 0.3635859375 0.31001388888888887 0.013630208333333334 0.03113888888888889
10 0.5865078125000001 0.5164212962962963 0.024057291666666664 0.1328425925925926
10 0.6880208333333333 0.41850925925925925 0.009375 0.08701851851851852
10 0.7192890625 0.4106064814814815 0.011494791666666667 0.0619537037037037
10 0.7322473958333333 0.37934259259259256 0.011369791666666665 0.04016666666666667
10 0.7636953125 0.27977314814814813 0.005515625 0.020657407407407406
10 0.45565625 0.30504166666666666 0.0050625 0.023046296296296297
10 0.46264062499999997 0.30499074074074073 0.005489583333333333 0.0247962962962963
10 0.5795729166666667 0.29553240740740744 0.0070625 0.026250000000000002