14 0.0697421875 0.4617222222222222 0.10719270833333333 0.07714814814814815
14 0.6896249999999999 0.32479629629629625 0.06258333333333334 0.11255555555555556
14 0.6084609375 0.28271296296296294 0.032546875 0.06172222222222222
14 0.36594791666666665 0.3889814814814815 0.09335416666666667 0.08907407407407408
14 0.4899192708333333 0.2938796296296296 0.035046875000000005 0.02664814814814815
14 0.3557552083333333 0.31146296296296294 0.020885416666666667 0.032185185185185185
10 0.08441145833333333 0.5807222222222223 0.016739583333333332 0.12255555555555557
10 0.12607552083333334 0.5802175925925925 0.02090104166666667 0.11413888888888889
10 0.13865104166666667 0.5557407407407408 0.014802083333333334 0.11148148148148149
10 0.09980729166666666 0.5532037037037038 0.021489583333333333 0.11751851851851852
14 0.09739322916666666 0.4119027777777778 0.04999479166666666 0.05899074074074074
10 0.42306510416666665 0.3940509259259259 0.011755208333333333 0.05662037037037037
10 0.4326979166666666 0.36872222222222223 0.010187499999999999 0.0467037037037037