6 0.5114166666666666 0.317 0.002 0.00437037037037037
10 0.5109114583333334 0.3379212962962963 0.00828125 0.05732407407407407
10 0.5341041666666667 0.3319537037037037 0.007791666666666667 0.028722222222222222
10 0.5386145833333333 0.3237453703703704 0.0074375 0.03267592592592593
10 0.5535208333333334 0.3319490740740741 0.006 0.04167592592592592
14 0.007875 0.3339212962962963 0.01575 0.04006481481481482
14 0.15765104166666666 0.3181296296296296 0.030927083333333334 0.04181481481481481
14 0.311515625 0.31030555555555556 0.03657291666666666 0.08542592592592593
14 0.4312578125 0.2910138888888889 0.05730729166666667 0.05425000000000001
14 0.7440625 0.33233333333333337 0.10791666666666666 0.098
14 0.8802369791666667 0.35541203703703705 0.060473958333333334 0.06267592592592593
14 0.7633802083333333 0.2524490740740741 0.01946875 0.03267592592592593