14 0.7785442708333333 0.29953703703703705 0.1508385416666667 0.16203703703703703
14 0.0456484375 0.359375 0.06733854166666667 0.13541666666666666
14 0.1217734375 0.3220046296296296 0.065421875 0.15141666666666667
10 0.0716484375 0.7170324074074074 0.046421874999999994 0.18591666666666665
14 0.11763802083333334 0.23576388888888888 0.07381770833333333 0.056712962962962965
14 0.27619791666666665 0.2944212962962963 0.0690625 0.10180555555555555
14 0.953125 0.4393518518518518 0.09375 0.1824074074074074
14 0.20079947916666666 0.30947685185185186 0.07243229166666666 0.1337685185185185
14 0.008333333333333333 0.36624074074074076 0.016666666666666666 0.13062962962962965
14 0.202828125 0.21111574074074074 0.07961458333333334 0.04260185185185185
14 0.26645572916666665 0.2339675925925926 0.05686979166666666 0.06423148148148149
14 0.14658854166666666 0.26246296296296295 0.03588541666666667 0.052703703703703704
14 0.024640625000000003 0.3007037037037037 0.048239583333333336 0.07362962962962963
14 0.004234375 0.2700648148148148 0.00846875 0.04012962962962963