14 0.07206770833333334 0.5573472222222222 0.08371875000000001 0.0665462962962963
14 0.3088177083333334 0.6206064814814815 0.12701041666666668 0.11158333333333334
14 0.5453098958333332 0.41237962962962965 0.07916145833333334 0.061796296296296294
14 0.9500286458333334 0.5392453703703703 0.052140625 0.12478703703703704
14 0.08484375000000001 0.7564814814814815 0.14572916666666666 0.1925925925925926
14 0.21803645833333332 0.5639861111111111 0.09128125 0.08537962962962962
14 0.8187708333333333 0.5194629629629629 0.05420833333333333 0.113
10 0.13739583333333333 0.5377777777777777 0.013333333333333334 0.0662962962962963
14 0.09513802083333335 0.6242361111111111 0.07569270833333334 0.0910648148148148
14 0.17331510416666665 0.6894722222222223 0.150796875 0.20301851851851851
14 0.030218750000000003 0.7989351851851852 0.060437500000000005 0.2200925925925926