14 0.12774479166666666 0.7200740740740741 0.23569791666666667 0.2808888888888889
14 0.68284375 0.4171712962962963 0.06777083333333334 0.11212037037037037
14 0.7363072916666666 0.2934907407407408 0.028864583333333336 0.06105555555555555
14 0.6938489583333334 0.28430092592592593 0.02103125 0.02600925925925926
14 0.6073697916666667 0.2824861111111111 0.028281249999999997 0.05756481481481482
14 0.49295833333333333 0.29324537037037035 0.041124999999999995 0.021675925925925925
14 0.38304166666666667 0.3062731481481481 0.018166666666666668 0.023657407407407408
14 0.024630208333333334 0.44249074074074074 0.04926041666666667 0.05164814814814815
10 0.028450520833333333 0.5670555555555555 0.017317708333333334 0.11374074074074074
10 0.7743098958333333 0.35060648148148144 0.009036458333333334 0.056768518518518524
14 0.5284713541666667 0.2995046296296296 0.014234374999999999 0.037898148148148146