14 0.4236640625 0.2598240740740741 0.05461979166666667 0.03261111111111111
14 0.287828125 0.3223055555555555 0.03190625 0.04275925925925926
14 0.37206770833333336 0.2747175925925926 0.028510416666666667 0.03091666666666667
14 0.19834895833333333 0.5652731481481481 0.11961458333333333 0.1694351851851852
10 0.06835416666666667 0.3717962962962963 0.020041666666666666 0.04544444444444444
14 0.3072265625 0.42647222222222225 0.073828125 0.12331481481481482
14 0.8661796875000001 0.14587499999999998 0.03444270833333333 0.026935185185185184
10 0.03938020833333333 0.3778194444444445 0.017302083333333333 0.031564814814814816
10 0.12955208333333335 0.36657870370370366 0.03410416666666667 0.08871296296296297
14 0.5259270833333333 0.21109259259259258 0.027895833333333335 0.04811111111111111
14 0.8921848958333333 0.14148611111111112 0.012494791666666666 0.018157407407407407
14 0.99140625 0.1550925925925926 0.0171875 0.026851851851851852
14 0.7543046875 0.16155555555555554 0.02527604166666667 0.017555555555555557
14 0.4134322916666667 0.2379675925925926 0.016447916666666666 0.03889814814814815
10 0.187234375 0.4368425925925926 0.019260416666666665 0.023685185185185184
10 0.17790104166666668 0.4935 0.014135416666666668 0.04070370370370371