10 0.044557291666666665 0.5541064814814814 0.018281250000000002 0.05821296296296296
10 0.2648020833333333 0.3400416666666667 0.005645833333333333 0.02823148148148148
10 0.2738541666666666 0.34227314814814813 0.008125 0.02899074074074074
14 0.4675859375 0.3976435185185185 0.08100520833333333 0.08602777777777777
14 0.5619427083333334 0.3784212962962963 0.06971875000000001 0.08832407407407407
14 0.7080651041666666 0.3211759259259259 0.032796874999999996 0.04975925925925926
14 0.6052656249999999 0.2873981481481481 0.03240625 0.06183333333333334
14 0.5714661458333333 0.2936712962962963 0.030432291666666667 0.02623148148148148
14 0.4940572916666667 0.29809722222222224 0.04019791666666667 0.025824074074074076
14 0.45251562500000003 0.33832870370370366 0.02690625 0.0618425925925926
10 0.7139244791666666 0.3226851851851852 0.011182291666666667 0.04537037037037037
10 0.6902057291666667 0.3248935185185185 0.0064531250000000005 0.04423148148148148
14 0.09191145833333333 0.3881805555555556 0.03382291666666667 0.05043518518518519
14 0.24464322916666667 0.3919305555555555 0.037203125000000004 0.06349074074074074
14 0.7353802083333334 0.33353240740740736 0.023885416666666666 0.05039814814814815