14 0.6894635416666667 0.2894305555555555 0.031010416666666665 0.02886111111111111
14 0.3646822916666667 0.4004027777777778 0.07832291666666666 0.08043518518518519
14 0.5465703125 0.29851388888888886 0.04209895833333333 0.026657407407407407
10 0.37924739583333333 0.3980740740740741 0.015786458333333333 0.06096296296296297
10 0.6377421875 0.33868055555555554 0.009859375 0.04402777777777778
10 0.04523958333333333 0.4454675925925926 0.012354166666666666 0.059453703703703696
14 0.3253489583333333 0.3489583333333333 0.021531250000000002 0.046064814814814815
14 0.18177083333333333 0.8 0.296875 0.4
14 0.04750520833333333 0.7127731481481481 0.09501041666666667 0.23295370370370372
14 0.6689010416666666 0.2878611111111111 0.02634375 0.027574074074074074
14 0.36277343749999996 0.3050185185185185 0.049505208333333335 0.037814814814814815
14 0.11010416666666667 0.3957407407407407 0.035833333333333335 0.06185185185185185
14 0.0793984375 0.4318518518518518 0.043171875 0.07666666666666666
14 0.007552083333333333 0.4097222222222222 0.015104166666666667 0.04537037037037037