10 0.32317708333333334 0.8976851851851851 0.0453125 0.20462962962962963
10 0.5739765625000001 0.8134861111111111 0.042744791666666664 0.19919444444444445
10 0.5364583333333334 0.9574074074074074 0.03229166666666667 0.08518518518518518
10 0.6583932291666666 0.4257222222222222 0.013661458333333333 0.08477777777777779
10 0.441328125 0.3094537037037037 0.005572916666666666 0.018907407407407407
10 0.4524036458333333 0.30749074074074073 0.0037656250000000003 0.020537037037037038
10 0.45595572916666666 0.30390277777777774 0.003578125 0.02076851851851852
14 0.37714583333333335 0.30462962962962964 0.03970833333333333 0.025925925925925925
14 0.49000520833333333 0.29056481481481483 0.03730208333333333 0.02187037037037037
14 0.4153880208333333 0.3052638888888889 0.016192708333333333 0.032749999999999994
14 0.6077239583333333 0.2801851851851852 0.03211458333333333 0.05851851851851852
14 0.6934895833333333 0.28043055555555557 0.022395833333333334 0.025675925925925925
14 0.44828385416666666 0.428037037037037 0.10281770833333333 0.09681481481481481
14 0.22359895833333335 0.33420833333333333 0.021156249999999998 0.027675925925925927
14 0.13103645833333333 0.9545277777777779 0.15478125 0.09053703703703704