14 0.059375 0.6597222222222222 0.11666666666666667 0.16574074074074074
14 0.7427083333333333 0.4351851851851852 0.016666666666666666 0.06481481481481481
14 0.450625 0.47496759259259264 0.11583333333333333 0.11845370370370371
14 0.00865625 0.4217546296296296 0.0173125 0.03610185185185185
14 0.4658333333333333 0.396375 0.034791666666666665 0.04275
14 0.7989296874999999 0.4104861111111111 0.025984375 0.05430555555555555
14 0.6418802083333334 0.5119768518518518 0.17021875 0.10358333333333333
14 0.5433723958333334 0.3747361111111111 0.02216145833333333 0.030953703703703702
10 0.5734479166666666 0.5276064814814815 0.017729166666666667 0.0959537037037037
10 0.6159088541666667 0.5413842592592593 0.01827604166666667 0.09943518518518518
10 0.6434947916666667 0.5430138888888889 0.015114583333333332 0.09343518518518518
10 0.6813880208333334 0.5274953703703704 0.019026041666666667 0.08647222222222223