10 0.008854166666666666 0.7296296296296296 0.017708333333333333 0.07592592592592592
10 0.5273359375 0.5328564814814815 0.008838541666666666 0.04719444444444444
14 0.4700338541666667 0.5416620370370371 0.050484375000000005 0.08332407407407406
14 0.4540885416666667 0.5201064814814815 0.038385416666666665 0.07910185185185185
10 0.42944010416666667 0.5380185185185185 0.009921875 0.04455555555555556
14 0.11361458333333332 0.5006759259259259 0.017854166666666667 0.016166666666666666
10 0.11004947916666666 0.5163148148148148 0.0034322916666666664 0.019666666666666666
10 0.10848697916666666 0.5161527777777778 0.0034322916666666664 0.01749074074074074
10 0.10456249999999999 0.5181666666666667 0.003916666666666666 0.019666666666666666
14 0.024458333333333335 0.5370601851851852 0.011416666666666667 0.02967592592592592
14 0.024651041666666665 0.6503240740740741 0.04826041666666667 0.09324074074074075