14 0.6936354166666666 0.28321296296296294 0.020604166666666666 0.025685185185185182
14 0.6073229166666666 0.28280092592592593 0.0344375 0.06004629629629629
14 0.48959895833333333 0.29414814814814816 0.033364583333333336 0.025333333333333333
14 0.24535937500000002 0.5573842592592593 0.14905208333333334 0.16847222222222222
14 0.09740104166666666 0.5477824074074075 0.08542708333333333 0.11408333333333333
14 0.07319791666666668 0.4612638888888889 0.10264583333333334 0.07067592592592592
14 0.18415885416666666 0.42447685185185186 0.044359375 0.07673148148148148
14 0.28537760416666663 0.4189212962962963 0.12283854166666666 0.06376851851851852
14 0.3677447916666667 0.31113888888888885 0.015697916666666666 0.035240740740740746
10 0.35840364583333334 0.4821342592592593 0.018890625 0.10500925925925926
10 0.33329947916666663 0.5061898148148147 0.015557291666666667 0.10126851851851852
10 0.32165364583333333 0.487537037037037 0.013098958333333332 0.09544444444444444
10 0.3030494791666667 0.46112037037037035 0.018598958333333335 0.042611111111111113
10 0.28316145833333334 0.46912499999999996 0.014239583333333333 0.03269444444444445