14 0.7146328125 0.4270555555555556 0.09280729166666667 0.09855555555555555
14 0.15607291666666664 0.6156435185185185 0.07985416666666666 0.13869444444444443
14 0.33398697916666664 0.5760046296296296 0.056515625 0.09460185185185185
14 0.9878932291666668 0.2611111111111111 0.023703125 0.02962962962962963
10 0.3623645833333333 0.5537777777777778 0.020562499999999997 0.07607407407407407
14 0.9254479166666666 0.29365740740740737 0.0206875 0.033611111111111105
14 0.9775546875 0.24089814814814817 0.025942708333333335 0.020685185185185185
14 0.99140625 0.23657407407407408 0.0171875 0.019444444444444445
10 0.3048828125 0.5603055555555555 0.012890625 0.055796296296296295
14 0.04408854166666667 0.5844074074074074 0.038177083333333334 0.05214814814814815
14 0.021981770833333334 0.6214537037037037 0.04396354166666667 0.05216666666666667