10 0.7137838541666667 0.5323981481481481 0.023401041666666667 0.09257407407407407
14 0.933484375 0.3987638888888889 0.04301041666666667 0.05308333333333333
14 0.9503958333333333 0.546824074074074 0.09870833333333334 0.14735185185185184
14 0.8245494791666667 0.39387962962962964 0.043890624999999996 0.04331481481481481
14 0.9049479166666666 0.3291759259259259 0.022395833333333334 0.02501851851851852
14 0.8378463541666666 0.30737499999999995 0.013192708333333332 0.022157407407407407
14 0.8683151041666667 0.318125 0.023088541666666667 0.02699074074074074
14 0.9391354166666667 0.32038425925925923 0.034520833333333334 0.020398148148148148
14 0.8500026041666667 0.30536574074074074 0.011463541666666667 0.01813888888888889
10 0.8579348958333333 0.3461527777777778 0.006494791666666667 0.03489814814814814
5 0.8656328125 0.3568472222222222 0.005223958333333333 0.00999074074074074
10 0.6818619791666667 0.5264583333333334 0.021015625 0.0788425925925926