14 0.25199479166666666 0.6602731481481482 0.09253125 0.19647222222222221
10 0.2228645833333333 0.5153287037037036 0.0196875 0.08436111111111111
14 0.5232057291666667 0.41903240740740744 0.10891145833333334 0.07139814814814814
10 0.4195859375 0.45674537037037033 0.013130208333333334 0.0764537037037037
14 0.04348958333333333 0.4166666666666667 0.027604166666666666 0.05555555555555555
14 0.6438958333333333 0.4373935185185185 0.12529166666666666 0.0840462962962963
10 0.25820052083333334 0.4793148148148148 0.018484375 0.07344444444444444
10 0.27652604166666667 0.49574999999999997 0.021802083333333333 0.045203703703703704
10 0.3123255208333333 0.5650416666666667 0.023609375 0.10230555555555555
10 0.27385937499999996 0.5280648148148147 0.015427083333333334 0.06353703703703704
14 0.6495234375 0.3813611111111111 0.06988020833333333 0.06272222222222222