14 0.2416484375 0.6367685185185186 0.15621354166666668 0.19020370370370368
14 0.081859375 0.7477453703703704 0.13976041666666666 0.18993518518518518
14 0.17020572916666665 0.6828333333333334 0.15186979166666664 0.2027037037037037
14 0.559640625 0.3985231481481481 0.05053125 0.041490740740740745
14 0.8864348958333333 0.5328703703703703 0.05411979166666667 0.1175925925925926
14 0.3246458333333333 0.618875 0.09616666666666666 0.10997222222222222
14 0.028385416666666666 0.7902777777777777 0.05677083333333333 0.21574074074074073
14 0.137171875 0.57625 0.05976041666666666 0.05990740740740741
14 0.03401041666666667 0.6346620370370369 0.06802083333333334 0.10821296296296297
10 0.6405572916666666 0.47804166666666664 0.01340625 0.06349074074074074
14 0.22291666666666668 0.9402777777777778 0.2989583333333333 0.11944444444444445