14 0.7686197916666667 0.3669027777777778 0.12786458333333334 0.11899074074074073
14 0.008270833333333333 0.3055 0.016541666666666666 0.061
14 0.20437760416666664 0.31906944444444446 0.056671875000000003 0.04739814814814815
14 0.2612447916666667 0.3399212962962963 0.054781250000000004 0.05762037037037037
14 0.31827343750000003 0.3134537037037037 0.05425520833333333 0.04172222222222222
14 0.4236171875 0.3232638888888889 0.056609374999999997 0.04282407407407408
10 0.42037760416666664 0.3429074074074074 0.007421875 0.05248148148148148
10 0.4356302083333333 0.34511574074074075 0.008760416666666666 0.06060185185185185
10 0.4886848958333333 0.3489722222222222 0.009661458333333334 0.055351851851851853
10 0.49404687500000005 0.3425092592592593 0.00684375 0.05168518518518519
10 0.4403046875 0.3388472222222222 0.0076927083333333335 0.04806481481481481
14 0.5467942708333333 0.2836712962962963 0.048796874999999997 0.032157407407407405
14 0.007552083333333333 0.36435185185185187 0.015104166666666667 0.075