10 0.16731770833333334 0.5282407407407408 0.016927083333333332 0.09166666666666666
10 0.19396875 0.5268379629629629 0.021270833333333336 0.08145370370370371
14 0.319453125 0.37837499999999996 0.08265625 0.04749074074074074
14 0.2967421875 0.4066342592592593 0.041401041666666666 0.06326851851851852
10 0.22500520833333332 0.505337962962963 0.016677083333333335 0.0884537037037037
10 0.23368489583333335 0.49792592592592594 0.013203125000000001 0.08288888888888889
14 0.1313072916666667 0.37356944444444445 0.04803125 0.07306481481481482
10 0.18876041666666668 0.46974537037037034 0.011895833333333333 0.056157407407407406
14 0.36833593750000004 0.7535092592592593 0.130421875 0.22924074074074074
14 0.10386458333333334 0.3711157407407408 0.04210416666666667 0.03297222222222222
14 0.045807291666666666 0.38784259259259257 0.04682291666666667 0.034944444444444445
14 0.13625 0.41188425925925926 0.05479166666666667 0.08487962962962962
10 0.13776822916666667 0.3873333333333333 0.008869791666666666 0.01725925925925926