14 0.12404166666666666 0.6807222222222222 0.08454166666666667 0.08181481481481481
14 0.21819270833333335 0.5507037037037037 0.021802083333333333 0.01622222222222222
14 0.01828645833333333 0.7587222222222222 0.03657291666666666 0.07485185185185185
14 0.05833854166666667 0.7357916666666666 0.07188541666666667 0.07158333333333333
14 0.11315104166666666 0.8737592592592592 0.16796875 0.1512222222222222
14 0.4008932291666667 0.5118194444444444 0.03199479166666667 0.02549074074074074
14 0.4393932291666667 0.49491666666666667 0.022536458333333335 0.017611111111111112
14 0.4412578125 0.4769953703703703 0.017932291666666666 0.011398148148148149
14 0.42611458333333335 0.48199999999999993 0.024104166666666666 0.015851851851851853
14 0.41511458333333334 0.4880092592592592 0.021895833333333333 0.013055555555555555
14 0.422515625 0.5042824074074074 0.02003125 0.017824074074074076
14 0.39687239583333334 0.49310648148148145 0.027078125 0.01399074074074074
14 0.38799739583333337 0.5020092592592592 0.011411458333333334 0.01512962962962963
14 0.37597916666666664 0.5042268518518519 0.017583333333333333 0.01771296296296296
14 0.3673359375 0.5095694444444445 0.020088541666666668 0.015435185185185187
14 0.35663802083333335 0.5023009259259259 0.022651041666666667 0.010157407407407408
14 0.35902083333333334 0.5132222222222222 0.017 0.015333333333333332
14 0.3466015625 0.5156990740740741 0.024453125000000003 0.018435185185185186
14 0.3402265625 0.5203888888888889 0.021078125 0.020407407407407405
14 0.3231223958333333 0.5275416666666667 0.029578125 0.02175
14 0.2875416666666667 0.5630231481481482 0.032375 0.03345370370370371
14 0.20316666666666666 0.5549027777777777 0.023 0.019064814814814816