10 0.6638802083333334 0.46111111111111114 0.012135416666666668 0.05185185185185185
10 0.5488567708333334 0.47418055555555555 0.012296875 0.05391666666666666
10 0.567609375 0.5908657407407407 0.01646875 0.09284259259259259
14 0.5015989583333333 0.41584722222222226 0.047989583333333335 0.05391666666666666
10 0.6798697916666666 0.4776296296296297 0.00765625 0.05896296296296296
14 0.552359375 0.41253240740740743 0.053677083333333334 0.04173148148148148
10 0.6970026041666666 0.5103564814814814 0.014838541666666667 0.06700925925925927
10 0.6871119791666668 0.475 0.010682291666666668 0.05740740740740741
14 0.5928489583333333 0.46169444444444446 0.056531250000000005 0.07524074074074075
10 0.7040494791666667 0.38634722222222223 0.009140625000000001 0.05787962962962963
10 0.7304010416666666 0.4820833333333333 0.006635416666666667 0.0475
14 0.4216588541666667 0.45985648148148145 0.07560937499999999 0.06415740740740741
14 0.7726015625 0.5282453703703703 0.07020312499999999 0.16760185185185184
14 0.400765625 0.6306851851851851 0.10986458333333333 0.14285185185185184
14 0.18009895833333334 0.47891203703703705 0.054989583333333335 0.044861111111111115
10 0.7025677083333334 0.4680231481481481 0.008260416666666666 0.056416666666666664
10 0.7049427083333334 0.366087962962963 0.013010416666666667 0.02847222222222222