10 0.6018229166666667 0.9194444444444444 0.058854166666666666 0.16111111111111112
10 0.5869947916666667 0.3879490740740741 0.014614583333333332 0.07219444444444445
10 0.0929453125 0.4288703703703704 0.007765625 0.04662962962962963
14 0.12509895833333334 0.5812037037037038 0.10332291666666667 0.15314814814814814
14 0.15001822916666666 0.4334675925925926 0.058369791666666664 0.07804629629629631
14 0.4849765625 0.428037037037037 0.09911979166666667 0.10607407407407407
14 0.5644244791666666 0.38203703703703706 0.07155729166666666 0.08444444444444445
14 0.6845416666666666 0.28980555555555554 0.03158333333333333 0.02775925925925926
14 0.605609375 0.28853703703703704 0.03309375 0.058555555555555555
14 0.49368229166666666 0.2982824074074074 0.038406249999999996 0.024342592592592593
14 0.34490885416666667 0.3512453703703704 0.033567708333333335 0.050638888888888886
14 0.4121328125 0.33802777777777776 0.02530729166666667 0.04457407407407407
10 0.3806432291666667 0.3501944444444444 0.011286458333333334 0.018907407407407407
14 0.02676302083333333 0.4394212962962963 0.03790104166666666 0.07143518518518518
10 0.0845 0.43233333333333335 0.008583333333333333 0.03133333333333334
10 0.7130286458333334 0.2907685185185185 0.0062656249999999995 0.020425925925925924