14 0.007234375 0.3356527777777778 0.013427083333333334 0.039824074074074074
14 0.25987760416666666 0.34185185185185185 0.047880208333333334 0.05407407407407407
14 0.42013541666666665 0.3051712962962963 0.0819375 0.04367592592592593
14 0.3964270833333333 0.2747777777777778 0.02722916666666667 0.02548148148148148
14 0.6387473958333333 0.3916296296296296 0.12541145833333334 0.14066666666666666
14 0.7441041666666667 0.34612037037037036 0.11425 0.13298148148148148
14 0.7773307291666666 0.26163888888888887 0.019244791666666667 0.03253703703703704
14 0.7531848958333334 0.2540833333333334 0.023036458333333332 0.03409259259259259
10 0.3621744791666667 0.39957870370370374 0.012890625 0.07323148148148148
6 0.3595911458333333 0.37312962962962964 0.004598958333333333 0.005518518518518518
10 0.178484375 0.3783796296296296 0.01009375 0.06231481481481481
6 0.17836197916666666 0.35700925925925925 0.002557291666666667 0.004759259259259259
10 0.11800000000000001 0.3969722222222222 0.011000000000000001 0.0457962962962963
6 0.1178515625 0.3844722222222222 0.003411458333333333 0.00412962962962963