14 0.2522578125 0.6578240740740741 0.09305729166666667 0.18972222222222224
10 0.16654947916666665 0.536875 0.016432291666666668 0.06449074074074075
14 0.5235729166666666 0.4187083333333333 0.10860416666666667 0.07075
14 0.0437421875 0.4151712962962963 0.028109375 0.05256481481481482
10 0.45234375 0.5083333333333333 0.0171875 0.08888888888888889
14 0.6439609374999999 0.4370601851851852 0.125421875 0.08523148148148148
10 0.18209114583333333 0.5263611111111112 0.015223958333333334 0.06012962962962963
10 0.28214062500000003 0.5017407407407407 0.016364583333333335 0.05162962962962963
14 0.6501510416666666 0.381587962962963 0.06905208333333333 0.06132407407407408
10 0.4080625 0.5220462962962963 0.01925 0.057055555555555554
10 0.29395052083333334 0.5450787037037037 0.02852604166666667 0.06978703703703704
10 0.29517447916666667 0.5294212962962963 0.011182291666666667 0.053287037037037036