14 0.0077578125 0.3088518518518519 0.015515625 0.0602962962962963
14 0.09171614583333333 0.3398101851851852 0.019890625 0.055546296296296295
14 0.19547135416666667 0.31880555555555556 0.07740104166666667 0.043166666666666666
14 0.24320572916666666 0.3378888888888889 0.036411458333333334 0.05170370370370371
14 0.4451875 0.31499074074074074 0.09141666666666667 0.061462962962962955
14 0.7676015625 0.36814351851851856 0.12478645833333334 0.11221296296296296
10 0.26636197916666665 0.3760324074074074 0.011890624999999998 0.07428703703703704
10 0.28213020833333335 0.37122685185185184 0.009052083333333332 0.06652777777777777
10 0.29759895833333333 0.3768888888888889 0.008739583333333334 0.06488888888888888
10 0.3057109375 0.37041666666666667 0.008296875 0.05935185185185184
10 0.32349479166666667 0.37395370370370373 0.006364583333333334 0.06642592592592592