14 0.43304947916666664 0.7920138888888889 0.3160989583333333 0.3803240740740741
14 0.6949557291666667 0.36383333333333334 0.053453125 0.08322222222222221
14 0.11105729166666668 0.5450231481481481 0.06794791666666668 0.12893518518518518
14 0.07109635416666667 0.45846759259259257 0.108859375 0.07249074074074074
14 0.018229166666666668 0.45046296296296295 0.036458333333333336 0.06388888888888888
14 0.42041406249999996 0.36646759259259254 0.08145312499999999 0.07552777777777778
14 0.6067447916666667 0.2830740740740741 0.03015625 0.060592592592592594
14 0.6979036458333333 0.28341203703703705 0.018723958333333336 0.024231481481481482
14 0.49119270833333334 0.2904814814814815 0.03655208333333334 0.023555555555555555
10 0.0052734375 0.6163564814814815 0.010546875 0.11419444444444445
14 0.09805989583333334 0.41041666666666665 0.053411458333333335 0.06342592592592593
14 0.2055078125 0.34540740740740744 0.021432291666666665 0.04081481481481481
10 0.7885885416666666 0.30150462962962965 0.004260416666666667 0.027083333333333334
10 0.4423697916666667 0.31091203703703707 0.005572916666666666 0.023675925925925927
10 0.48720833333333335 0.3077638888888889 0.005666666666666667 0.022935185185185183