10 0.8275807291666666 0.4397962962962963 0.007244791666666667 0.042555555555555555
14 0.549296875 0.41435185185185186 0.04963541666666667 0.041666666666666664
10 0.8837395833333334 0.4443240740740741 0.008104166666666668 0.0442037037037037
10 0.6979166666666666 0.4658611111111111 0.008333333333333333 0.05209259259259259
10 0.6842421875 0.4362361111111111 0.014317708333333333 0.040990740740740744
14 0.40041927083333334 0.6304166666666667 0.11021354166666668 0.14046296296296296
10 0.6923437499999999 0.4540185185185185 0.008645833333333333 0.05062962962962963
14 0.48966666666666664 0.46531018518518513 0.096 0.08987962962962963
14 0.18157291666666667 0.47982870370370373 0.05377083333333333 0.04299074074074074
14 0.5013854166666667 0.40998148148148145 0.04652083333333333 0.04218518518518519
10 0.5777239583333333 0.41724537037037035 0.006489583333333334 0.03634259259259259
14 0.7471380208333334 0.40349537037037037 0.10052604166666666 0.09402777777777778