14 0.18476302083333335 0.42392592592592593 0.055984374999999996 0.07748148148148148
14 0.288875 0.36147685185185185 0.026708333333333334 0.058138888888888886
14 0.33080468749999997 0.35668055555555556 0.028276041666666665 0.05595370370370371
14 0.564875 0.37935185185185183 0.0735 0.08092592592592593
14 0.605484375 0.28774537037037035 0.031802083333333335 0.05882407407407408
14 0.4934505208333333 0.2995 0.038984374999999995 0.02677777777777778
14 0.6862864583333333 0.29015277777777776 0.029864583333333337 0.026601851851851852
10 0.02004166666666667 0.4486805555555555 0.010916666666666667 0.04736111111111111
10 0.004218749999999999 0.4535509259259259 0.008437499999999999 0.04228703703703704
10 0.48376302083333333 0.49083333333333334 0.023776041666666668 0.10203703703703704
10 0.5245520833333334 0.3823888888888889 0.011604166666666667 0.049962962962962966
10 0.49409895833333334 0.3366435185185185 0.0069479166666666665 0.03810185185185185